-0.00153867
0
0.00153867
0.00307711
0.00461508
0.00615238
0.0076887
0.00922392
0.0107577
0.0122899
0.0138202
0.0153485
0.0168744
0.0183978
0.0199184
0.0214361
0.0229505
0.0152151
0.0152151
0.0152151
0.0152151
0.0152151
0.0152151
0.0152151
0.0152151
0.0171502
0.0190855
0.0210206
0.0229558
0.0229558
0.0229558
0.0229558
0.0229558
0.0229558
0.0229558
0.0229558
0.0229558
0.0229558
0.0384373
0.0384373
0.0384373
0.0384373
0.0384373
0.0384373
0.0384373
0.0384373
0.0384373
0.0384373
0.0384373
0.0384373
0.0384373
0.0384373
0.0384373
0.0384373
0.0384373
0.0384373
0.0384373
0.0384373
0.0384373
0.0384373
0.0384373
0.0384373
0.0384373
0.0384373
0.0384373
0.0384373
0.0384373
0.0384373
0.0384373
0.0384373
0.0384373
0.0384373
0.0616596
0.0616596
0.0616596
0.0616596
0.0694002
0.0694002
0.0694002
0.0694002
0.0694002
0.0694002
0.0848818
0.0868168
0.0887518
0.0906874
0.0926224
0.0926224
0.0926224
0.0926224
0.0926224
0.0926224
0.0926224
0.108104
0.108104
0.108104
0.115845
0.115845
0.115845
0.115845
0.115845
0.115845
0.115845
0.115845
0.115845
0.115845
0.115845
0.119715
0.123585
0.127456
0.123585
0.122339
0.122667
0.122976
0.123267
0.123539
0.123793
0.124028
0.124245
0.124442
0.124621
0.124782
0.124923
0.125045
0.125149
0.125234
0.1253
0.125348
0.125376
0.125385
0.125376
0.125348
0.1253
0.125234
0.125149
0.125046
0.124923
0.124782
0.124621
0.124442
0.124245
0.124028
0.123793
0.123539
0.123267
0.122976
0.122667
0.122339
0.121992
0.121627
0.121245
0.120843
0.120424
0.119986
0.119531
0.119057
0.118565
0.118056
0.117529
0.116984
0.116421
0.115841
0.115243
0.114628
0.113996
0.113347
0.112681
0.111997
0.111297
0.11058
0.109846
0.109096
0.108329
0.107547
0.106747
0.105932
0.105101
0.104254
0.103392
0.102513
0.101619
0.100711
0.0997864
0.0988471
0.0978932
0.0969243
0.0959408
0.0949429
0.0939309
0.0929045
0.0918642
0.0506946
0.0274723
0.0274723
0.0274723
0.0274723
0.0274723
0.0274723
0.0274723
0.0274723
0.0274723
0.0274723
0.0274723
0.0274723
0.0274723
0.0274723
0.0274723
0.0274723
0.0274723
0.0274723
0.0274723
0.0274723
0.0274723
0.0274723
0.0274723
0.0274723
0.0274723
0.0274723
0.0274723
0.0274723
0.0274723
0.0274723
0.0274723
0.0274723
0.0274723
0.0274723
0.0197316
0.0197316
0.0197316
0.0197316
0.0197316
0.0197316
0.0197316
0.0197316
0.0197316
0.0197316
0.0197316
0.0197316
0.0197316
0.0197316
0.025969
0.0244618
0.0229508
0.0214364
0.0199188
0.0183981
0.0168748
0.0153488
0.0138206
0.0122902
0.010758
0.00922421
0.00768905
0.00615267
0.00461541
0.00307744
0.001539
3.32721e-07
-0.00153834
-0.00307677
-0.00461475
-0.00615203
-0.00768835
-0.00922357
-0.0107574
-0.0122895
-0.0138199
-0.0153481
-0.0168741
-0.0183975
-0.0199181
-0.0214357
-0.0229502
-0.0244611
-0.0259684
-0.0274717
-0.0289709
-0.0304658
-0.031956
-0.0334415
-0.0349219
-0.036397
-0.0378667
-0.0393307
-0.0407888
-0.0422407
-0.0436862
-0.0451252
-0.0465573
-0.0479825
-0.0494004
-0.050811
-0.0522138
-0.0536088
-0.0549957
-0.0563743
-0.0577444
-0.0591058
-0.0604585
-0.0618019
-0.063136
-0.0644608
-0.0657758
-0.0670803
-0.0683755
-0.0696603
-0.070934
-0.0721973
-0.0734501
-0.0746913
-0.0759221
-0.0771407
-0.0783477
-0.079543
-0.0807268
-0.0818978
-0.0830572
-0.0842032
-0.085337
-0.086458
-0.0875657
-0.0886607
-0.0897417
-0.0908099
-0.0918636
-0.0929039
-0.0939304
-0.0949423
-0.0959403
-0.0969237
-0.0978927
-0.0988465
-0.0997858
-0.10071
-0.101619
-0.102513
-0.103391
-0.104254
-0.105101
-0.105932
-0.106747
-0.107546
-0.108329
-0.109096
-0.109846
-0.11058
-0.111297
-0.111997
-0.112681
-0.113346
-0.113996
-0.114628
-0.115243
-0.115841
-0.116421
-0.116984
-0.117528
-0.118055
-0.118565
-0.119057
-0.119531
-0.119986
-0.120423
-0.120843
-0.121244
-0.121627
-0.121992
-0.122339
-0.122667
-0.122976
-0.123267
-0.123539
-0.123793
-0.124028
-0.124245
-0.124442
-0.124621
-0.124782
-0.124923
-0.125045
-0.125149
-0.125234
-0.1253
-0.125348
-0.125376
-0.125385
-0.125376
-0.125348
-0.1253
-0.125234
-0.125149
-0.125046
-0.124923
-0.124782
-0.124621
-0.124443
-0.124245
-0.124028
-0.123793
-0.123539
-0.123267
-0.122976
-0.122667
-0.122339
-0.121993
-0.121627
-0.121245
-0.120843
-0.120424
-0.119986
-0.119531
-0.119057
-0.118566
-0.118056
-0.117529
-0.116984
-0.116421
-0.115841
-0.115244
-0.114629
-0.113997
-0.113347
-0.112681
-0.111997
-0.111297
-0.11058
-0.109846
-0.109096
-0.10833
-0.107547
-0.106748
-0.105933
-0.105101
-0.104254
-0.103392
-0.102513
-0.10162
-0.100711
-0.0997864
-0.0988471
-0.0978932
-0.0969243
-0.0959408
-0.0949434
-0.0939309
-0.0929045
-0.0918642
-0.0908105
-0.0897422
-0.0886612
-0.0875663
-0.0864586
-0.0853376
-0.0842037
-0.0830577
-0.0818989
-0.0807274
-0.0795442
-0.0783488
-0.0771413
-0.0759227
-0.0746925
-0.0734507
-0.0721984
-0.0709352
-0.0696608
-0.0683761
-0.0670814
-0.0657763
-0.0644614
-0.0631366
-0.0618024
-0.060459
-0.0591069
-0.0577453
-0.0563752
-0.0549966
-0.0536096
-0.0522147
-0.0508118
-0.0494014
-0.0479834
-0.0465583
-0.0451261
-0.0436871
-0.0422416
-0.0407897
-0.0393317
-0.0378677
-0.036398
-0.0349229
-0.0334425
-0.031957
-0.0304667
-0.0289719
-0.0274727
-0.0259693
-0.0244621
-0.0229512
-0.0214367
-0.0199191
-0.0183985
-0.0168751
-0.0153491
-0.0138209
-0.0122905
-0.0107584
-0.0510601
-0.0381589
-0.0329984
-0.0278379
-0.00307777
-0.00153934
-6.65444e-07
0.001538
0.00307644
0.00461442
0.00615168
0.00768806
0.00922322
0.0107571
0.0122893
0.0138195
0.0153478
0.0168738
0.0183972
0.0199178
0.0214354
0.0229498
0.0244608
0.0259681
0.0274714
0.0289706
0.0304655
0.0319557
0.0334412
0.0349216
0.0363968
0.0378664
0.0393304
0.0407884
0.0422403
0.0436859
0.0451249
0.0465571
0.0479822
0.0494001
0.0508106
0.0522135
0.0536085
0.0549954
0.056374
0.0577441
0.0591058
0.0604579
0.0618013
0.0631354
0.0644602
0.0657752
0.0670803
0.0683749
0.0696597
0.070934
0.0721973
0.0432972
0.0738048
0.0733497
0.0728939
0.0724388
0.0719836
0.0715279
0.0710727
0.0706176
0.0701618
0.0697067
0.0692515
0.0687958
0.0683407
0.0678855
0.0674298
0.0669746
0.0665195
0.0939304
0.0949423
0.0959403
0.0969237
0.0978927
0.0988465
0.0997858
0.10071
0.101619
0.102513
0.103391
0.104254
0.105101
0.105932
0.106747
0.107546
0.108329
0.109096
0.109846
0.11058
0.111297
0.111997
0.11268
0.113346
0.113996
0.114628
0.115243
0.115841
0.116421
0.116983
0.117528
0.0861387
0.0861387
0.0861387
0.0861387
0.0861387
0.0861387
0.0861387
0.0861387
0.0861387
0.0861387
0.0861387
0.0861387
0.0861387
0.0861387
0.0861387
0.0861387
0.0861387
0.0861387
0.0861387
0.0861387
0.0861387
0.0861387
0.0861387
0.0861387
0.0861387
0.0861387
0.0861387
0.0861387
0.0861387
0.0861387
0.0861387
0.0861387
0.0861387
0.0861387
0.0861387
0.0938793
0.0938793
0.0938793
0.0938793
0.0938793
0.0938793
0.0938793
0.0938793
0.0938793
0.0938793
0.0938793
0.0938793
0.0938793
0.0938793
0.0938793
0.0938793
0.0938793
0.0938793
0.0938793
0.0938793
0.0938793
0.0938793
0.0938793
0.0938793
0.0938793
0.0938793
0.0938793
0.0938793
0.0938793
0.0938793
0.0938793
0.0938793
0.0938793
0.0938793
0.0938793
0.0938793
0.0938793
0.0938793
0.0938793
0.0938793
0.0938793
0.0938793
0.10162
0.10162
0.10162
0.100711
0.099787
0.0988477
0.0978932
0.0969249
0.0959414
0.0949434
0.0939315
0.0929051
0.0918648
0.0908105
0.0897428
0.0886612
0.0875669
0.0864586
0.0853381
0.0848824
0.0844273
0.0839721
0.0835164
0.0830612
0.0826061
0.0821503
0.0816952
0.08124
0.0807849
0.0803291
0.079874
0.0794188
0.0789631
0.0785079
0.0780528
0.077597
0.077597
0.077597
0.077597
0.077597
0.077597
0.077597
0.077597
0.077597
0.077597
0.077597
0.077597
0.077597
0.077597
0.077597
0.077597
0.077597
0.077597
0.077597
0.077597
0.077597
0.077597
0.077597
0.077597
0.077597
0.077597
0.077597
0.077597
0.077597
0.077597
0.077597
0.077597
0.077597
0.077597
0.077597
0.077597
0.077597
0.077597
0.077597
0.077597
0.077597
0.0388936
0.0388936
0.0388936
0.0388936
0.0388936
0.0381196
0.0373455
0.0365714
0.0357973
0.0350233
0.0342492
0.0334751
0.0327011
0.0319269
0.0156715
0.0156715
0.0156715
0.0156715
0.0156715
0.0156715
0.0156715
0.0156715
0.0133492
0.011027
0.00870479
0.00638257
0.00406033
0.00173811
-0.000584108
-0.00290632
-0.00522855
-0.00755076
-0.00909893
-0.010647
-0.0121952
-0.0137434
-0.0152915
-0.0168396
-0.0183878
-0.0199359
-0.0214841
-0.0230322
-0.0237359
-0.0244396
-0.0251433
-0.025847
-0.0265507
-0.0272545
-0.0279582
-0.0286618
-0.0293655
-0.0300692
-0.030773
-0.030773
-0.030773
-0.030773
-0.030773
-0.030773
-0.030773
-0.030773
-0.030773
-0.030773
-0.00755076
-0.0256125
-0.0281927
-0.030773
-0.0875652
-0.0886601
-0.0897411
-0.0908093
-0.0918636
-0.0929034
-0.0939298
-0.0949423
-0.0959403
-0.0969231
-0.0978921
-0.0988465
-0.0997853
-0.10071
-0.101619
-0.102513
-0.103391
-0.104253
-0.1051
-0.105932
-0.106747
-0.107546
-0.108329
-0.109096
-0.109846
-0.11058
-0.111297
-0.111997
-0.11268
-0.113346
-0.113996
-0.114628
-0.115243
-0.115841
-0.116421
-0.116983
-0.117528
-0.118055
-0.118565
-0.119056
-0.11953
-0.119986
-0.120423
-0.120843
-0.121244
-0.121627
-0.121992
-0.122339
-0.122666
-0.122976
-0.123267
-0.123539
-0.123793
-0.124028
-0.124245
-0.124442
-0.124621
-0.124782
-0.124923
-0.125045
-0.125149
-0.125234
-0.1253
-0.125348
-0.125376
-0.125385
-0.125376
-0.125348
-0.1253
-0.125234
-0.125149
-0.125046
-0.124923
-0.124782
-0.124621
-0.124443
-0.124245
-0.124028
-0.123793
-0.123539
-0.123267
-0.122976
-0.122667
-0.122339
-0.121993
-0.121628
-0.121245
-0.120844
-0.120424
-0.119986
-0.119531
-0.119057
-0.118566
-0.118056
-0.117529
-0.116984
-0.116422
-0.115841
-0.115244
-0.114629
-0.113997
-0.113348
-0.112681
-0.111998
-0.111298
-0.110581
-0.109847
-0.109097
-0.10833
-0.107547
-0.106748
-0.105933
-0.105101
-0.104255
-0.103392
-0.102514
-0.10162
-0.100711
-0.099787
-0.0988477
-0.0978938
-0.0969249
-0.0959414
-0.0949434
-0.0939315
-0.0929051
-0.0918648
-0.0908111
-0.0897428
-0.0886618
-0.0875669
-0.0864592
-0.0853381
-0.0842043
-0.0830583
-0.0818989
-0.080728
-0.0795448
-0.0783494
-0.0771419
-0.0759233
-0.0746931
-0.0734513
-0.072199
-0.0709357
-0.0696614
-0.0683766
-0.067082
-0.0657769
-0.064462
-0.0631371
-0.061803
-0.0604596
-0.0591075
-0.0577459
-0.0563757
-0.0549972
-0.0536103
-0.0522153
-0.0508125
-0.049402
-0.0479841
-0.0465589
-0.0451267
-0.0436878
-0.0422422
-0.0407903
-0.0393323
-0.0378683
-0.0363987
-0.0349235
-0.0334431
-0.0319577
-0.0304674
-0.0289726
-0.0274733
-0.02597
-0.0244627
-0.0229518
-0.0214374
-0.0199198
-0.0183991
-0.0168758
-0.0153498
-0.0138216
-0.0122912
-0.010759
-0.00922526
-0.00769004
-0.00615371
-0.00461641
-0.00307844
-0.00154
-1.33088e-06
0.00153734
