-0.00424331
0
0.00424331
0.00848567
0.0127261
0.0169637
0.0211974
0.0254263
0.0296495
0.033866
0.0380749
0.0422752
0.0464659
0.0506462
0.054815
0.0589714
0.0631146
0.0672436
0.0713574
0.0754551
0.0795358
0.0835987
0.0876427
0.0916671
0.0956708
0.099653
0.103613
0.10755
0.111462
0.115349
0.119211
0.123046
0.126854
0.130633
0.134383
0.138103
0.141792
0.145449
0.149074
0.152666
0.156224
0.159747
0.163235
0.166687
0.170101
0.173478
0.176817
0.180116
0.183376
0.186595
0.189774
0.19291
0.196004
0.199055
0.202063
0.205026
0.207945
0.210818
0.213645
0.216425
0.219158
0.221844
0.224482
0.227071
0.229611
0.232102
0.234542
0.236932
0.239271
0.241559
0.243795
0.245979
0.248111
0.25019
0.252215
0.254187
0.256106
0.25797
0.25978
0.261535
0.263235
0.264881
0.26647
0.268005
0.269483
0.270906
0.272272
0.273583
0.274837
0.276034
0.277175
0.27826
0.279287
0.280258
0.281173
0.28203
0.282831
0.283574
0.284261
0.284892
0.285465
0.285983
0.286443
0.286848
0.287196
0.287487
0.287723
0.287903
0.288028
0.288097
0.288111
0.28807
0.287974
0.287824
0.287619
0.28736
0.287048
0.286683
0.286264
0.285793
0.28527
0.284694
0.284068
0.283389
0.282661
0.281881
0.281052
0.280174
0.279246
0.27827
0.277246
0.276174
0.275055
0.27389
0.272679
0.271422
0.270121
0.268775
0.267385
0.265952
0.264477
0.26296
0.261401
0.259801
0.258162
0.256483
0.254765
0.253009
0.251216
0.249386
0.24752
0.245618
0.243682
0.241711
0.239708
0.237672
0.235604
0.233505
0.231376
0.229217
0.22703
0.224814
0.222571
0.220302
0.218007
0.215687
0.213343
0.210975
0.208585
0.206174
0.203741
0.201288
0.198816
0.196325
0.193817
0.191291
0.18875
0.186193
0.183622
0.181038
0.17844
0.175831
0.17321
0.170579
0.167939
0.16529
0.162633
0.159969
0.157299
0.154624
0.151943
0.14926
0.146573
0.143884
0.141193
0.138503
0.135812
0.133123
0.130435
0.12775
0.125068
0.122391
0.119718
0.117052
0.114392
0.111739
0.109094
0.106458
0.103831
0.101215
0.0986097
0.0960161
0.0934349
0.0908668
0.0883126
0.0857728
0.0832483
0.0807396
0.0782475
0.0757726
0.0733156
0.070877
0.0684576
0.0660579
0.0636786
0.0613203
0.0589836
0.056669
0.0543772
0.0521087
0.049864
0.0476437
0.0454484
0.0432785
0.0411346
0.0390172
0.0369267
0.0348637
0.0328286
0.0308219
0.028844
0.0268953
0.0249763
0.0230874
0.0212289
0.0194013
0.017605
0.0158402
0.0141074
0.0124068
0.0107389
0.00910382
0.00750198
0.00593362
0.00439902
0.00289844
0.00143213
3.05862e-07
-0.0013968
-0.00275898
-0.00408605
-0.00537782
-0.00663413
-0.00785482
-0.00903975
-0.0101888
-0.0113019
-0.0123788
-0.0134196
-0.0144241
-0.0153922
-0.016324
-0.0172194
-0.0180784
-0.0189009
-0.019687
-0.0204366
-0.0211499
-0.0218268
-0.0224674
-0.0230718
-0.02364
-0.0241722
-0.0246685
-0.0251289
-0.0255537
-0.0259428
-0.0262966
-0.0266151
-0.0268986
-0.0271473
-0.0273612
-0.0275408
-0.0276861
-0.0277975
-0.0278751
-0.0279192
-0.0279302
-0.0279082
-0.0278537
-0.0277668
-0.0276479
-0.0274973
-0.0273154
-0.0271026
-0.0268591
-0.0265853
-0.0262816
-0.0259484
-0.0255861
-0.0251951
-0.0247758
-0.0243287
-0.0238541
-0.0233524
-0.0228243
-0.02227
-0.0216901
-0.021085
-0.0204552
-0.0198013
-0.0191236
-0.0184227
-0.0176991
-0.0169533
-0.0161858
-0.0153972
-0.014588
-0.0137587
-0.0129099
-0.012042
-0.0111558
-0.0102517
-0.00933025
-0.00839208
-0.00743773
-0.00646779
-0.00548283
-0.00448344
-0.0034702
-0.0024437
-0.00140453
-0.000353297
0.000709413
0.001783
0.00286686
0.00396039
0.00506298
0.00617403
0.00729294
0.00841909
0.00955188
0.0106907
0.0118349
0.012984
0.0141372
0.015294
0.0164539
0.0176161
0.01878
0.0199452
0.0211109
0.0222766
0.0234416
0.0246055
0.0257675
0.0269271
0.0280837
0.0292367
0.0303855
0.0315297
0.0326684
0.0338014
0.0349278
0.0360473
0.0371592
0.038263
0.0393581
0.040444
0.0415201
0.042586
0.0436411
0.0446849
0.0457168
0.0467364
0.0477432
0.0487367
0.0497163
0.0506817
0.0516323
0.0525676
0.0534873
0.0543908
0.0552778
0.0561478
0.0570003
0.057835
0.0586514
0.0594491
0.0602278
0.0609871
0.0617265
0.0624458
0.0631446
0.0638225
0.0644791
0.0651143
0.0657276
0.0663187
0.0668874
0.0674333
0.0679562
0.0684558
0.0689318
0.0693841
0.0698123
0.0702163
0.0705958
0.0709506
0.0712805
0.0715854
0.0718651
0.0721194
0.0723481
0.0725511
0.0727283
0.0728796
0.0730049
0.073104
0.0731769
0.0732235
0.0732438
0.0732376
0.073205
0.0731459
0.0730603
0.0729483
0.0728096
0.0726446
0.072453
0.072235
0.0719907
0.07172
0.0714231
0.0711
0.0707508
0.0703756
0.0699746
0.0695478
0.0690954
0.0686175
0.0681143
0.067586
0.0670327
0.0664546
0.0658519
0.0652248
0.0645736
0.0638984
0.0631995
0.0624771
0.0617315
0.0609629
0.0601717
0.059358
0.0585223
0.0576648
0.0567857
0.0558855
0.0549644
0.0540228
0.053061
0.0520795
0.0510784
0.0500582
0.0490193
0.0479621
0.0468869
0.0457942
0.0446843
0.0435576
0.0424147
0.0412558
0.0400815
0.0388921
0.0376881
0.03647
0.0352382
0.0339932
0.0327354
0.0314653
0.0301833
0.0288901
0.027586
0.0262715
0.0249471
0.0236134
0.0222707
0.0209197
0.0195609
0.0181946
0.0168216
0.0154421
0.0140569
0.0126664
0.0112711
0.00987163
0.00846839
0.00706197
0.00565289
0.00424169
0.00282888
0.00141501
6.11722e-07
-0.00141379
-0.00282766
-0.00424046
-0.00565167
-0.00706076
-0.112555
-0.0311062
-0.0311062
-0.0311062
-0.0311062
-0.0311062
-0.0311062
-0.0311062
-0.0311062
-0.0311062
-0.0311062
-0.0311062
-0.0311062
-0.0311062
-0.0311062
-0.0311062
-0.0311062
-0.0311062
-0.0311062
-0.0311062
-0.0311062
-0.0311062
-0.0311062
-0.0311062
-0.0311062
-0.0311062
-0.0311062
-0.0311062
-0.0311062
-0.0311062
-0.0311062
-0.0311062
-0.0311062
-0.0311062
-0.0311062
-0.0311062
-0.0311062
-0.0311062
-0.0311062
-0.0311062
-0.0311062
-0.0311062
-0.0311062
-0.0311062
-0.0311062
-0.0311062
-0.0311062
-0.0311062
-0.0311062
-0.0311062
-0.0311062
-0.0311062
-0.0311062
-0.0311062
-0.0311062
-0.0311062
-0.0311062
-0.0311062
-0.0311062
-0.0311062
-0.0311062
-0.0311062
-0.0311062
-0.0311062
-0.0311062
-0.0311062
-0.0311062
-0.0311062
-0.0311062
-0.0311062
-0.0311062
-0.0311062
-0.0311062
-0.0311062
-0.0311062
-0.0311062
-0.0311062
-0.0311062
-0.0311062
-0.0311062
-0.0311062
-0.0311062
-0.0311062
-0.0311062
-0.0311062
-0.0311062
-0.0311062
-0.0311062
-0.0311062
-0.0311062
-0.0311062
-0.0311062
-0.0311062
-0.0311062
-0.0311062
-0.0311062
-0.0311062
-0.0311062
-0.0311062
-0.0311062
-0.0311062
-0.0311062
-0.0311062
-0.0311062
-0.0311062
-0.0311062
-0.0311062
-0.0311062
-0.0311062
-0.0311062
-0.0311062
-0.0311062
-0.0311062
-0.0311062
-0.0311062
-0.0311062
-0.0311062
-0.0311062
-0.0311062
-0.0311062
-0.0311062
-0.0311062
-0.0311062
-0.0311062
-0.0311062
-0.0311062
-0.0311062
-0.0311062
-0.0311062
-0.0311062
-0.0311062
-0.0311062
-0.0311062
-0.0311062
-0.0311062
-0.0311062
-0.0311062
-0.0311062
-0.0311062
-0.0311062
-0.0311062
-0.0311062
-0.0311062
-0.0311062
-0.0311062
-0.0311062
-0.0311062
-0.0311062
-0.0311062
-0.0311062
-0.0311062
-0.0311062
-0.0311062
-0.0311062
-0.0311062
-0.0311062
-0.0311062
-0.0311062
-0.0311062
-0.0311062
-0.0311062
-0.0311062
-0.0311062
-0.0311062
-0.0311062
-0.0311062
-0.0311062
-0.0311062
-0.0311062
-0.0311062
-0.0311062
-0.0311062
-0.0311062
-0.0311062
-0.0311062
-0.0311062
-0.0311062
-0.0311062
-0.0311062
-0.0311062
-0.0311062
-0.0311062
-0.0311062
-0.0311062
-0.0311062
-0.0311062
-0.0311062
-0.0311062
-0.0311062
-0.0311062
-0.0311062
-0.0311062
-0.0311062
-0.0311062
-0.0311062
-0.0311062
-0.0311062
-0.0311062
-0.0311062
-0.0311062
-0.0311062
-0.0311062
-0.0311062
-0.0311062
-0.0311062
-0.0311062
-0.0311062
-0.0311062
-0.0311062
-0.0311062
-0.0311062
-0.0311062
-0.0311062
-0.0311062
-0.0311062
-0.0311062
-0.0311062
-0.0311062
-0.0311062
-0.0311062
-0.0311062
-0.0311062
-0.0311062
-0.0311062
-0.0311062
-0.0311062
-0.0311062
-0.0311062
-0.0311062
-0.0311062
-0.0311062
-0.0311062
-0.0311062
-0.0311062
-0.0311062
-0.0311062
-0.0311062
-0.0311062
-0.0311062
-0.0311062
-0.0311062
-0.0311062
-0.0311062
-0.0311062
-0.0311062
-0.0311062
-0.0311062
-0.0311062
-0.0311062
-0.0311062
-0.0311062
-0.0311062
-0.0311062
-0.0311062
-0.0311062
-0.0311062
-0.0311062
-0.0311062
-0.0311062
-0.0311062
-0.0311062
-0.0311062
-0.0311062
-0.0311062
-0.0311062
-0.0311062
-0.0311062
-0.0311062
-0.0311062
-0.0325347
-0.0339633
-0.0353919
-0.0368205
-0.0382491
-0.0396776
-0.0411062
-0.0425348
-0.0439634
-0.045392
-0.0482491
-0.0511063
-0.0539635
-0.0568206
-0.0596778
-0.0596778
-0.0596778
-0.0596778
-0.0596778
-0.0596778
-0.0596778
-0.0596778
-0.0596778
-0.0596778
-0.0596778
-0.0596778
-0.0596778
-0.0596778
-0.0596778
-0.0596778
-0.0596778
-0.0596778
-0.0596778
-0.0596778
-0.0596778
-0.0596778
-0.0596778
-0.0596778
-0.0596778
-0.0596778
-0.0596778
-0.0596778
-0.0596778
-0.0596778
-0.0596778
-0.0596778
-0.0596778
-0.0596778
-0.0596778
-0.0596778
-0.0596778
-0.0596778
-0.0596778
-0.0596778
-0.0596778
-0.0596778
-0.0596778
-0.0596778
-0.0596778
-0.0596778
-0.0596778
-0.0596778
-0.0596778
-0.0596778
-0.0596778
-0.0596778
-0.716825
-0.716825
-0.716825
-0.716825
-0.716825
-0.716825
-0.716825
-0.716825
-0.716825
-0.716825
-0.716825
-0.716825
-0.716825
-0.716825
-0.716825
-0.716825
-0.716825
-0.716825
-0.716825
-0.716825
-0.716825
-0.716825
-0.716825
-0.716825
-0.716825
-0.716825
-0.716825
-0.716825
-0.716825
-0.716825
-0.716825
-0.716825
-0.716825
-0.716825
-0.716825
-0.716825
-0.716825
-0.716825
-0.716825
-0.716825
-0.716825
-0.716825
-0.716825
-0.716825
-0.716825
-0.716825
-0.716825
-0.716825
-0.716825
-0.716825
-0.716825
-0.716825
-0.716825
-0.716825
-0.716825
-0.716825
-0.716825
-0.716825
-0.716825
-0.716825
-0.716825
-0.716825
-0.716825
-0.716825
-0.716825
-0.716825
-0.716825
-0.716825
-0.716825
-0.716825
-0.716825
-0.716825
1.42605
1.42033
1.41462
1.4089
1.40319
1.39747
1.38605
1.37462
1.36319
1.35176
1.2689
1.25747
1.24604
1.23462
1.22319
-0.102535
-0.102535
-0.102535
-0.102535
-0.102535
-0.102535
-0.102535
-0.102535
-0.102535
-0.102535
-0.102535
-0.105392
-0.10825
-0.111107
-0.113964
-0.131107
-0.131107
-0.131107
-0.131107
-0.131107
-0.131107
-0.133488
-0.135869
-0.13825
-0.140631
-0.143012
-0.173964
-0.173964
-0.173964
-0.173964
-0.173964
-0.18825
-0.191107
-0.193964
-0.196822
-0.199679
-0.202536
-0.205393
-0.20825
-0.211107
-0.213965
-0.216822
-0.216822
-0.216822
-0.216822
-0.216822
-0.916826
-0.916826
-0.916826
-0.916826
-0.916826
-0.916826
-0.916826
-0.916826
-0.916826
-0.916826
-0.916826
-0.916826
-0.916826
-0.916826
-0.916826
-0.916826
-0.916826
0.0574657
0.0460371
0.0346085
0.0231798
0.0117512
-0.00253463
-0.0168204
-0.0311062
-0.045392
-0.0596778
1.04033
1.04033
1.04033
1.04033
1.04033
-0.119678
-0.122535
-0.125392
-0.12825
-0.131107
-0.145393
-0.145393
-0.145393
