-0.00248564
0
0.00248564
0.00497092
0.00745544
0.00993886
0.0124208
0.0149009
0.0173787
0.019854
0.0223262
0.0247952
0.0272604
0.0297216
0.0321783
0.0346302
0.0370769
0.0395181
0.0419534
0.0443824
0.0468048
0.0492202
0.0516282
0.0540285
0.0564208
0.0588045
0.0611796
0.0635454
0.0659018
0.0682483
0.0705846
0.0729104
0.0752253
0.0775289
0.0798209
0.0821011
0.0843689
0.0866241
0.0888664
0.0910954
0.0933108
0.0955123
0.0976994
0.099872
0.10203
0.104172
0.106299
0.10841
0.110505
0.112583
0.114644
0.116689
0.118715
0.120725
0.122716
0.124688
0.126642
0.128578
0.130494
0.13239
0.134267
0.136123
0.13796
0.139775
0.14157
0.143344
0.145096
0.146827
0.148535
0.150222
0.151886
0.153527
0.155145
0.156741
0.158312
0.159861
0.161385
0.162885
0.164361
0.165812
0.167239
0.16864
0.170017
0.171368
0.172693
0.173993
0.175266
0.176514
0.177735
0.17893
0.180098
0.181239
0.182352
0.183439
0.184499
0.18553
0.186534
0.187511
0.188459
0.189379
0.190271
0.191134
0.191969
0.192776
0.193553
0.194302
0.195022
0.195712
0.196374
0.197006
0.197608
0.198182
0.198725
0.199239
0.199723
0.200178
0.200603
0.200997
0.201362
0.201697
0.202002
0.202276
0.20252
0.202735
0.202919
0.203072
0.203196
0.203289
0.203352
0.203384
0.203387
0.203359
0.2033
0.203212
0.203093
0.202943
0.202764
0.202554
0.202315
0.202045
0.201745
0.201415
0.201055
0.200665
0.200245
0.199795
0.199316
0.198807
0.198268
0.1977
0.197103
0.196476
0.19582
0.195134
0.19442
0.193677
0.192905
0.192104
0.191275
0.190418
0.189532
0.188617
0.187675
0.186705
0.185708
0.184682
0.183629
0.182549
0.181442
0.180308
0.179147
0.17796
0.176746
0.175506
0.17424
0.172948
0.17163
0.170287
0.168919
0.167526
0.166108
0.164665
0.163198
0.161706
0.160191
0.158652
0.157089
0.155504
0.153895
0.152264
0.15061
0.148933
0.147235
0.145515
0.143773
0.142011
0.140227
0.138422
0.136598
0.134753
0.132888
0.131003
0.129099
0.127177
0.125235
0.123275
0.121297
0.119301
0.117288
0.115257
0.11321
0.111145
0.109065
0.106968
0.104856
0.102729
0.100586
0.0984289
0.0962573
0.0940716
0.0918721
0.0896593
0.0874334
0.0851948
0.0829438
0.0806808
0.0784061
0.0761199
0.0738228
0.071515
0.0691969
0.0668688
0.0645311
0.0621841
0.0598282
0.0574637
0.055091
0.0527105
0.0503225
0.0479274
0.0455255
0.0431171
0.0407028
0.0382828
0.0358574
0.0334271
0.0309923
0.0285532
0.0261102
0.0236638
0.0212143
0.018762
0.0163074
0.0138507
0.0113924
0.00893289
0.00647245
0.0040115
0.00155039
-0.000910501
-0.0033708
-0.00583014
-0.00828814
-0.0107445
-0.0131987
-0.0156505
-0.0180995
-0.0205453
-0.0229875
-0.0254259
-0.02786
-0.0302894
-0.0327138
-0.0351328
-0.0375461
-0.0399533
-0.042354
-0.0447479
-0.0471346
-0.0495137
-0.051885
-0.054248
-0.0566023
-0.0589477
-0.0612838
-0.0636102
-0.0659266
-0.0682325
-0.0705278
-0.072812
-0.0750848
-0.0773459
-0.0795948
-0.0818313
-0.0840551
-0.0862658
-0.088463
-0.0906465
-0.0928158
-0.0949708
-0.097111
-0.0992362
-0.101346
-0.10344
-0.105518
-0.10758
-0.109625
-0.111653
-0.113664
-0.115657
-0.117633
-0.11959
-0.121529
-0.123449
-0.125351
-0.127233
-0.129095
-0.130937
-0.13276
-0.134561
-0.136343
-0.138103
-0.139842
-0.141559
-0.143255
-0.144929
-0.146581
-0.14821
-0.149816
-0.1514
-0.15296
-0.154496
-0.15601
-0.157499
-0.158964
-0.160404
-0.161821
-0.163212
-0.164578
-0.16592
-0.167235
-0.168526
-0.16979
-0.171029
-0.172241
-0.173427
-0.174587
-0.175719
-0.176825
-0.177904
-0.178956
-0.179981
-0.180978
-0.181947
-0.182889
-0.183802
-0.184688
-0.185545
-0.186375
-0.187175
-0.187947
-0.188691
-0.189405
-0.190091
-0.190748
-0.191376
-0.191974
-0.192544
-0.193084
-0.193594
-0.194075
-0.194526
-0.194948
-0.19534
-0.195703
-0.196035
-0.196338
-0.19661
-0.196853
-0.197066
-0.197249
-0.197402
-0.197524
-0.197617
-0.19768
-0.197712
-0.197714
-0.197687
-0.197629
-0.197541
-0.197423
-0.197275
-0.197097
-0.196889
-0.196651
-0.196383
-0.196085
-0.195758
-0.1954
-0.195013
-0.194597
-0.19415
-0.193674
-0.193169
-0.192634
-0.192071
-0.191477
-0.190855
-0.190204
-0.189524
-0.188815
-0.188077
-0.18731
-0.186516
-0.185693
-0.184841
-0.183962
-0.183054
-0.182119
-0.181156
-0.180166
-0.179148
-0.178103
-0.177031
-0.175932
-0.174806
-0.173654
-0.172475
-0.17127
-0.170039
-0.168783
-0.1675
-0.166193
-0.164859
-0.163501
-0.162118
-0.160711
-0.159279
-0.157823
-0.156343
-0.154839
-0.153312
-0.151761
-0.150187
-0.148591
-0.146972
-0.14533
-0.143667
-0.141982
-0.140275
-0.138547
-0.136797
-0.135028
-0.133237
-0.131426
-0.129596
-0.127746
-0.125876
-0.123987
-0.12208
-0.120153
-0.118209
-0.116247
-0.114267
-0.112269
-0.110255
-0.108224
-0.106176
-0.104113
-0.102033
-0.0999385
-0.0978284
-0.0957035
-0.093564
-0.0914104
-0.0892429
-0.0870618
-0.0848675
-0.0826603
-0.0804406
-0.0782087
-0.0759649
-0.0737096
-0.0714431
-0.0691657
-0.0668779
-0.0645799
-0.0622721
-0.0599548
-0.0576285
-0.0552934
-0.0529499
-0.0505984
-0.0482392
-0.0458727
-0.0434993
-0.0411192
-0.0387329
-0.0363407
-0.033943
-0.0315401
-0.0291325
-0.0267204
-0.0243043
-0.0218845
-0.0194614
-0.0170353
-0.0146066
-0.0121758
-0.00974304
-0.00730884
-0.00487353
-0.00243748
-1.0537e-06
0.00243537
0.00487142
0.00730673
0.00974094
0.0121737
0.0146045
0.0170332
0.0194593
0.0218824
0.0243022
0.0267183
0.0291304
0.031538
0.0339409
0.0363386
0.0387308
0.0411171
0.0434972
0.0458707
0.0482372
0.0505964
0.0529479
0.0552914
0.0576265
0.0599528
0.0622701
0.0645779
0.0668759
0.0691637
0.0714411
0.0737076
0.0759629
0.0782067
0.0804387
0.0826584
0.0848656
0.0870599
0.089241
0.0914085
0.0935622
0.0957016
0.0978266
0.0999367
0.102032
0.104111
0.106175
0.108222
0.110253
0.112268
0.114265
0.116245
0.118207
0.120152
0.122078
0.123985
0.125874
0.127744
0.129594
0.131425
0.133236
0.135026
0.136796
0.138545
0.140273
0.14198
0.143665
0.145329
0.14697
0.148589
0.150186
0.15176
0.15331
0.154838
0.156341
0.157822
0.159278
0.16071
0.162117
0.1635
0.164858
0.166191
0.167499
0.168782
0.170038
0.171269
0.172474
0.173653
0.174805
0.175931
0.17703
0.178102
0.179147
0.180165
0.181155
0.182118
0.183053
0.183961
0.18484
0.185692
0.186515
0.18731
0.188076
0.188814
0.189523
0.190203
0.190855
0.191477
0.19207
0.192634
0.193169
0.193674
0.19415
0.194596
0.195013
0.1954
0.195758
0.196085
0.196383
0.196651
0.196889
0.197097
0.197275
0.197423
0.197541
0.197629
0.197687
0.197714
0.197712
0.19768
0.197617
0.197524
0.197402
0.197249
0.197066
0.196853
0.196611
0.196338
0.196035
0.195703
0.195341
0.194949
0.194527
0.194075
0.193594
0.193084
0.192544
0.191975
0.191376
0.190749
0.190092
0.189406
0.188691
0.187948
0.187176
0.186375
0.185546
0.184689
0.183803
0.182889
0.181948
0.180979
0.179982
0.178957
0.177905
0.176826
0.17572
0.174588
0.173428
0.172242
0.17103
0.169791
0.168527
0.167237
0.165921
0.16458
0.163213
0.161822
0.160406
0.158965
0.1575
0.156011
0.154498
0.152961
0.151401
0.149818
0.148211
0.146582
0.144931
0.143257
0.141561
0.139843
0.138104
0.136344
0.134563
0.132761
0.130939
0.129096
0.127234
0.125352
0.123451
0.121531
0.119592
0.117635
0.115659
0.113666
0.111655
0.109627
0.107582
0.10552
0.103442
0.101348
0.099238
0.0971129
0.0949727
0.0928177
0.0906483
0.0884649
0.0862677
0.084057
0.0818333
0.0795968
0.0773478
0.0750868
0.072814
0.0705298
0.0682345
0.0659286
0.0636122
0.0612858
0.0589497
0.0566044
0.05425
0.051887
0.0495158
0.0471366
0.0447499
0.0423561
0.0399554
0.0375482
0.0351349
0.0327159
0.0302915
0.0278621
0.025428
0.0229896
0.0205474
0.0181016
0.0156526
0.0132008
0.0107466
0.00829027
0.00583226
0.00337293
0.000912629
-0.00154826
-0.00400937
-0.00647032
-0.00893076
-0.0113903
-0.0138486
-0.0163052
-0.0187599
-0.0212122
-0.0236617
-0.0261081
-0.0285511
-0.0309901
-0.033425
-0.0358553
-0.0382807
-0.0407007
-0.0431151
-0.0455234
-0.0479253
-0.0503204
-0.0527084
-0.055089
-0.0574617
-0.0598261
-0.062182
-0.064529
-0.0668668
-0.0691949
-0.071513
-0.0738208
-0.076118
-0.0784041
-0.0806788
-0.0829419
-0.0851929
-0.0874315
-0.0896574
-0.0918702
-0.0940697
-0.0962554
-0.098427
-0.100584
-0.102727
-0.104854
-0.106967
-0.109063
-0.111144
-0.113208
-0.115255
-0.117286
-0.1193
-0.121295
-0.123274
-0.125234
-0.127175
-0.129098
-0.131002
-0.132886
-0.134751
-0.136596
-0.138421
-0.140225
-0.142009
-0.143772
-0.145513
-0.147233
-0.148932
-0.150608
-0.152262
-0.153894
-0.155502
-0.157088
-0.158651
-0.16019
-0.161705
-0.163196
-0.164663
-0.166106
-0.167524
-0.168918
-0.170286
-0.171629
-0.172947
-0.174239
-0.175505
-0.176745
-0.177959
-0.179146
-0.180307
-0.181441
-0.182548
-0.183629
-0.184681
-0.185707
-0.186704
-0.187675
-0.188617
-0.189531
-0.190417
-0.191274
-0.192104
-0.192904
-0.193676
-0.19442
-0.195134
-0.195819
-0.196475
-0.197102
-0.1977
-0.198268
-0.198806
-0.199315
-0.199795
-0.200245
-0.200664
-0.201054
-0.201414
-0.201744
-0.202045
-0.202314
-0.202554
-0.202764
-0.202943
-0.203092
-0.203211
-0.2033
-0.203359
-0.203387
-0.203384
-0.203352
-0.203289
-0.203196
-0.203072
-0.202919
-0.202735
-0.202521
-0.202276
-0.202002
-0.201697
-0.201362
-0.200998
-0.200603
-0.200178
-0.199724
-0.19924
-0.198726
-0.198182
-0.197609
-0.197006
-0.196374
-0.195713
-0.195022
-0.194303
-0.193554
-0.192776
-0.19197
-0.191135
-0.190272
-0.18938
-0.18846
-0.187511
-0.186535
-0.185531
-0.184499
-0.18344
-0.182353
-0.18124
-0.180099
-0.178931
-0.177736
-0.176515
-0.175268
-0.173994
-0.172694
-0.171369
-0.170018
-0.168642
-0.16724
-0.165814
-0.164362
-0.162886
-0.161386
-0.159862
-0.158314
-0.156742
-0.155147
-0.153528
-0.151887
-0.150223
-0.148537
-0.146828
-0.145098
-0.143345
-0.141572
-0.139777
-0.137961
-0.136125
-0.134268
-0.132392
-0.130495
-0.128579
-0.126644
-0.12469
-0.122717
-0.120726
-0.118717
-0.11669
-0.114646
-0.112585
-0.110506
-0.108412
-0.106301
-0.104174
-0.102032
-0.0998739
-0.0977013
-0.0955142
-0.0933127
-0.0910974
-0.0888684
-0.0866261
-0.0843709
-0.082103
-0.0798229
-0.0775309
-0.0752273
-0.0729124
-0.0705866
-0.0682503
-0.0659038
-0.0635475
-0.0611816
-0.0588066
-0.0564228
-0.0540306
-0.0516303
-0.0492223
-0.0468069
-0.0443845
-0.0419555
-0.0395202
-0.037079
-0.0346323
-0.0321804
-0.0297237
-0.0272625
-0.0247973
-0.0223284
-0.0198561
-0.0173808
-0.014903
-0.0124229
-0.00994101
-0.00745759
-0.00497306
-0.00248779
-2.14998e-06
0.00248349
