-0.0012741
0
0.0012741
0.00254802
0.00382154
0.00509448
0.00636671
0.00763794
0.00890802
0.0101768
0.011444
0.0127096
0.0139732
0.0152349
0.016494
0.0177508
0.019005
0.0202564
0.0215046
0.0227498
0.0239913
0.0252294
0.0264639
0.0276942
0.0289204
0.0301422
0.0313597
0.0325722
0.0337801
0.0349831
0.0361806
0.0373726
0.0385594
0.0397399
0.0409148
0.0420836
0.0432461
0.0444021
0.0455514
0.0466938
0.0478295
0.0489578
0.0500791
0.0511926
0.0522989
0.0533966
0.0544869
0.0555692
0.056643
0.0577081
0.0587647
0.059813
0.0608517
0.0618817
0.0629025
0.063913
0.0649149
0.0659068
0.0668893
0.0678608
0.0688229
0.0697742
0.0707164
0.0716463
0.0725663
0.0734759
0.074374
0.0752612
0.0761364
0.0770011
0.0778542
0.0786957
0.0795251
0.0803431
0.0811479
0.0819425
0.0827231
0.0834921
0.084249
0.0849924
0.0857237
0.0864419
0.087148
0.0878408
0.0885198
0.0891856
0.0898382
0.0904778
0.0911042
0.0917169
0.0923151
0.0929004
0.0934706
0.0940278
0.094571
0.0950998
0.0956146
0.0961152
0.0966013
0.0970728
0.0975299
0.0979725
0.0983999
0.0988134
0.0992121
0.0995959
0.0999655
0.100319
0.100658
0.100983
0.10129
0.101585
0.101863
0.102127
0.102374
0.102608
0.102826
0.103028
0.103215
0.103387
0.103543
0.103684
0.103808
0.103919
0.104013
0.104091
0.104155
0.104202
0.104235
0.104251
0.104253
0.104238
0.104208
0.104163
0.104102
0.104025
0.103933
0.103826
0.103704
0.103565
0.103411
0.103242
0.103057
0.102857
0.102642
0.102412
0.102166
0.101905
0.101629
0.101338
0.101032
0.10071
0.100374
0.100023
0.0996566
0.099276
0.0988803
0.0984691
0.0980441
0.0976053
0.0971511
0.0966818
0.0961988
0.0957022
0.0951913
0.0946651
0.0941256
0.0935719
0.0930039
0.0924227
0.091828
0.0912191
0.0905968
0.0899618
0.0893124
0.0886507
0.0879745
0.0872864
0.0865851
0.085871
0.0851441
0.0844045
0.0836523
0.0828881
0.082111
0.0813222
0.0805216
0.0797087
0.0788844
0.0780479
0.0772002
0.0763404
0.0754706
0.0745884
0.0736961
0.0727923
0.0718782
0.0709532
0.0700177
0.0690722
0.068116
0.0671498
0.0661739
0.0651889
0.0641936
0.0631891
0.0621746
0.0611518
0.06012
0.0590788
0.0580297
0.0569712
0.055905
0.0548301
0.0537473
0.052657
0.0515587
0.0504529
0.04934
0.0482195
0.0470923
0.0459581
0.044817
0.0436697
0.0425155
0.0413558
0.0401896
0.039018
0.0378403
0.0366573
0.0354691
0.0342758
0.0330776
0.0318746
0.0306671
0.0294549
0.0282388
0.0270186
0.0257945
0.0245669
0.0233356
0.0221012
0.0208636
0.0196231
0.0183799
0.0171342
0.0158862
0.0146359
0.0133837
0.0121297
0.0108741
0.00961708
0.00835889
0.00709966
0.00583957
0.00457888
0.00331767
0.00205622
0.000794707
-0.000466707
-0.00172782
-0.00298843
-0.00424839
-0.00550744
-0.00676543
-0.00802216
-0.00927748
-0.0105312
-0.0117831
-0.0130329
-0.0142806
-0.0155259
-0.0167686
-0.0180085
-0.0192455
-0.0204793
-0.0217099
-0.0229371
-0.0241605
-0.0253799
-0.0265953
-0.0278067
-0.0290135
-0.0302156
-0.031413
-0.0326057
-0.0337929
-0.0349749
-0.0361515
-0.0373222
-0.0384871
-0.0396461
-0.040799
-0.0419453
-0.0430852
-0.0442183
-0.0453447
-0.0464639
-0.0475761
-0.0486807
-0.0497774
-0.0508667
-0.0519482
-0.0530217
-0.054087
-0.0551436
-0.0561921
-0.0572316
-0.0582622
-0.0592837
-0.0602969
-0.0613
-0.0622936
-0.0632783
-0.064253
-0.0652174
-0.066172
-0.0671162
-0.0680508
-0.0689738
-0.0698875
-0.0707892
-0.0716809
-0.0725612
-0.0734299
-0.0742881
-0.0751354
-0.0759699
-0.0767936
-0.0776052
-0.0784045
-0.079192
-0.0799684
-0.0807313
-0.081482
-0.0822203
-0.082947
-0.0836598
-0.0843602
-0.0850481
-0.0857217
-0.0863836
-0.0870319
-0.0876665
-0.0882879
-0.0888961
-0.0894902
-0.090071
-0.0906373
-0.0911905
-0.0917297
-0.0922551
-0.0927661
-0.093263
-0.0937458
-0.0942143
-0.0946685
-0.0951072
-0.0955328
-0.0959424
-0.0963383
-0.0967203
-0.097086
-0.0974377
-0.0977746
-0.0980961
-0.0984027
-0.0986945
-0.0989713
-0.0992333
-0.0994799
-0.0997104
-0.0999271
-0.100128
-0.100314
-0.100484
-0.100639
-0.100779
-0.100904
-0.101012
-0.101107
-0.101185
-0.101248
-0.101296
-0.101328
-0.101344
-0.101345
-0.101331
-0.101301
-0.101257
-0.101196
-0.10112
-0.101029
-0.100922
-0.1008
-0.100663
-0.10051
-0.100342
-0.100159
-0.0999603
-0.0997475
-0.0995182
-0.0992744
-0.0990154
-0.0987413
-0.0984525
-0.0981482
-0.0978289
-0.0974955
-0.0971465
-0.0967832
-0.0964053
-0.0960116
-0.0956054
-0.0951829
-0.0947468
-0.0942955
-0.0938305
-0.0933511
-0.0928574
-0.0923506
-0.0918281
-0.091293
-0.090743
-0.0901803
-0.0896025
-0.0890123
-0.0884076
-0.0877904
-0.0871595
-0.0865153
-0.0858581
-0.0851882
-0.0845041
-0.0838077
-0.083099
-0.0823776
-0.0816439
-0.0808976
-0.0801387
-0.0793683
-0.0785853
-0.0777901
-0.0769834
-0.0761651
-0.0753354
-0.0744941
-0.0736411
-0.072778
-0.0719026
-0.0710167
-0.0701197
-0.0692131
-0.068295
-0.0673666
-0.0664288
-0.0654804
-0.0645218
-0.063554
-0.0625764
-0.0615885
-0.0605921
-0.0595864
-0.0585715
-0.0575472
-0.0565148
-0.0554737
-0.054424
-0.0533669
-0.0523006
-0.0512266
-0.0501454
-0.049056
-0.0479595
-0.0468557
-0.0457445
-0.0446266
-0.0435019
-0.0423703
-0.0412327
-0.0400887
-0.0389385
-0.0377822
-0.0366207
-0.0354532
-0.0342804
-0.0331026
-0.0319198
-0.0307318
-0.0295394
-0.0283425
-0.0271413
-0.025936
-0.0247266
-0.0235137
-0.022297
-0.0210771
-0.0198539
-0.0186276
-0.0173986
-0.016167
-0.0149329
-0.0136965
-0.012458
-0.0112176
-0.0099756
-0.00873204
-0.0074871
-0.00628584
-0.00719003
-0.00809423
-0.00899845
-0.00990263
-0.0108068
-0.011711
-0.0126153
-0.0135194
-0.0144236
-0.0153278
-0.016232
-0.0171363
-0.0180404
-0.0189446
-0.0612709
0.0136954
0.0149318
0.0161659
0.0173976
0.0186265
0.0198527
0.0210759
0.022296
0.0235125
0.0247255
0.0259349
0.0271402
0.0283414
0.0295383
0.0307309
0.0319186
0.0331015
0.0342795
0.0354522
0.0366196
0.0377813
0.0389373
0.0400876
0.0412317
0.0423692
0.0435008
0.0446256
0.0457434
0.0468546
0.0479584
0.0490552
0.0501444
0.0512262
0.0523001
0.0533657
0.0544235
0.0554729
0.0565139
0.0575469
0.0585705
0.0595853
0.0605909
0.0615879
0.0625753
0.0635528
0.0645213
0.0654792
0.0664277
0.0673663
0.0682944
0.0692119
0.0701192
0.0710159
0.0719014
0.0727769
0.0736401
0.0744935
0.0753342
0.0761642
0.0769828
0.0777901
0.0785841
0.0793678
0.080138
0.0808974
0.0816434
0.0823773
0.0830984
0.0838077
0.0845035
0.0851871
0.0858575
0.0865147
0.0871589
0.0877898
0.0884071
0.0890117
0.0896019
0.0901797
0.0907428
0.0912924
0.091828
0.09235
0.0928568
0.0933505
0.0938305
0.0942951
0.0947462
0.0951825
0.0956049
0.0960116
0.0964052
0.0967827
0.097146
0.0974949
0.0978289
0.0981482
0.0984519
0.0987413
0.0990154
0.0992744
0.0995182
0.099747
0.0999603
0.100159
0.100342
0.10051
0.100663
0.1008
0.100922
0.101029
0.10112
0.101196
0.101257
0.101301
0.101331
0.101345
0.101344
0.101328
0.101296
0.101248
0.101185
0.101107
0.101012
0.100904
0.100779
0.100639
0.100484
0.100314
0.100128
0.0999274
0.099711
0.0994799
0.0992333
0.0989713
0.0986945
0.0984033
0.0980961
0.0977751
0.0974383
0.0970862
0.0967203
0.0963388
0.095943
0.0955328
0.0951078
0.0946691
0.0942148
0.0937458
0.0932636
0.0927665
0.0922556
0.0917303
0.0911911
0.0906379
0.0900716
0.0894908
0.0888966
0.0882881
0.0876669
0.0870324
0.0863841
0.0857229
0.0850487
0.0843608
0.0836601
0.0829476
0.0822215
0.0814826
0.0807319
0.079969
0.0791932
0.0784051
0.0776054
0.076794
0.0759705
0.0751359
0.0742891
0.0734311
0.0725617
0.0716814
0.0707896
0.0698881
0.0689746
0.0680513
0.067117
0.0661726
0.065218
0.0642536
0.0632788
0.0622947
0.0613008
0.0602979
0.0592849
0.0582634
0.0572325
0.0561931
0.0551448
0.0540877
0.0530225
0.0519494
0.0508676
0.0497785
0.0486814
0.0475766
0.046465
0.0453458
0.0442193
0.0430864
0.0419465
0.0408
0.0396472
0.0384882
0.0373231
0.0361526
0.0349758
0.033794
0.0326064
0.0314141
0.0302166
0.0290145
0.0278077
0.0265965
0.0253811
0.0241614
0.022938
0.0217111
0.0204806
0.0192466
0.0180097
0.0167696
0.0155269
0.0142816
0.013034
0.0117841
0.0105323
0.00927861
0.00802329
0.00676649
0.00550855
0.00424947
-0.0838649
-0.0809359
-0.078007
-0.0750773
-0.0721483
-0.0692194
-0.00457776
-0.00583851
-0.00709857
-0.00835778
-0.00961603
-0.010873
-0.0121286
-0.0133825
-0.0146348
-0.015885
-0.0171331
-0.0183789
-0.0196221
-0.0208626
-0.0221001
-0.0233345
-0.0245657
-0.0257933
-0.0270174
-0.0282377
-0.029454
-0.0306659
-0.0318734
-0.0330765
-0.0342748
-0.0354682
-0.0366563
-0.0378395
-0.0390169
-0.0401885
-0.0413547
-0.0425148
-0.0436686
-0.0448158
-0.0459571
-0.0470913
-0.0482185
-0.0493388
-0.0504519
-0.0515576
-0.0526564
-0.0537466
-0.0548296
-0.0559039
-0.0569706
-0.0580286
-0.0590778
-0.060119
-0.0611512
-0.0621739
-0.0631885
-0.064193
-0.0651877
-0.0661733
-0.0671493
-0.0681152
-0.069071
-0.0700166
-0.0709527
-0.071877
-0.0727915
-0.0736955
-0.0745873
-0.0754694
-0.07634
-0.077199
-0.0780467
-0.0788839
-0.0797075
-0.080521
-0.0813218
-0.082111
-0.0828876
-0.0836516
-0.0844033
-0.085143
-0.0858698
-0.0865845
-0.0872859
-0.087974
-0.0886501
-0.0893124
-0.0899613
-0.0905962
-0.0912186
-0.0918278
-0.0924221
-0.0930033
-0.0935714
-0.0941256
-0.0946645
-0.0951907
-0.0957016
-0.0961988
-0.0966818
-0.0971505
-0.0976047
-0.0980435
-0.0984691
-0.0988797
-0.0992756
-0.0996566
-0.100023
-0.100373
-0.10071
-0.101032
-0.101338
-0.101629
-0.101905
-0.102166
-0.102412
-0.102642
-0.102857
-0.103057
-0.103242
-0.10341
-0.103565
-0.103703
-0.103826
-0.103933
-0.104025
-0.104101
-0.104162
-0.104208
-0.104238
-0.104253
-0.104251
-0.104235
-0.104202
-0.104155
-0.104091
-0.104013
-0.103919
-0.103809
-0.103684
-0.103543
-0.103387
-0.103215
-0.103028
-0.102826
-0.102608
-0.102375
-0.102127
-0.101863
-0.101585
-0.101291
-0.100983
-0.100658
-0.10032
-0.0999655
-0.0995965
-0.0992127
-0.0988134
-0.0984004
-0.0979731
-0.0975301
-0.0970734
-0.0966019
-0.0961152
-0.0956152
-0.0951004
-0.094571
-0.0940282
-0.0934712
-0.0929009
-0.0923157
-0.0917174
-0.0911048
-0.0904784
-0.0898394
-0.0891862
-0.0885203
-0.0878413
-0.0871486
-0.0864431
-0.0857242
-0.0849933
-0.0842495
-0.0834925
-0.0827237
-0.0819431
-0.0811491
-0.0803437
-0.0795262
-0.0786963
-0.0778548
-0.0770017
-0.0761375
-0.0752618
-0.0743751
-0.0734765
-0.0725675
-0.0716473
-0.0707169
-0.0697754
-0.0688233
-0.067862
-0.0668893
-0.0659073
-0.064916
-0.0639139
-0.0629031
-0.061882
-0.0608521
-0.0598135
-0.0587656
-0.0577093
-0.0566435
-0.0555703
-0.054488
-0.0533977
-0.0523001
-0.0511937
-0.0500802
-0.0489589
-0.0478306
-0.0466949
-0.0455526
-0.0444032
-0.043247
-0.0420847
-0.040916
-0.039741
-0.0385602
-0.0373737
-0.0361817
-0.0349839
-0.0337812
-0.0325735
-0.0313606
-0.0301433
-0.0289215
-0.0276951
-0.0264648
-0.0252306
-0.0239925
-0.0227507
-0.0215057
-0.0202573
-0.0190061
-0.0177519
-0.0164952
-0.0152359
-0.0139743
-0.0127107
-0.0114452
-0.0101779
-0.00890908
-0.00763904
-0.00636777
-0.00509559
-0.00382263
-0.0025491
-0.0012752
-1.10205e-06
0.001273
