-0.000600488
0
0.000600488
0.00120089
0.00180111
0.00240105
0.00300066
0.0035998
0.00419839
0.00479638
0.00539363
0.00599008
0.00658563
0.00718022
0.00777371
0.00836606
0.00895714
0.00954688
0.0101352
0.010722
0.0113072
0.0118907
0.0124725
0.0130524
0.0136303
0.0142061
0.0147799
0.0153515
0.0159207
0.0164876
0.0170521
0.0176139
0.0181731
0.0187296
0.0192833
0.0198341
0.0203821
0.0209268
0.0214686
0.0220071
0.0225422
0.0230741
0.0236024
0.0241274
0.0246487
0.0251661
0.02568
0.02619
0.0266961
0.0271981
0.027696
0.0281901
0.0286795
0.0291651
0.029646
0.0301224
0.0305945
0.0310623
0.031525
0.0319831
0.0324366
0.032885
0.0333288
0.0337673
0.0342008
0.0346296
0.0350528
0.0354709
0.0358835
0.036291
0.036693
0.0370894
0.0374804
0.0378658
0.0382454
0.0386196
0.0389879
0.0393501
0.0397069
0.0400574
0.0404021
0.0407405
0.0410733
0.0413995
0.0417198
0.0420338
0.0423412
0.0426428
0.0429379
0.0432266
0.0435085
0.0437843
0.0440531
0.0443157
0.0445718
0.044821
0.0450634
0.0452996
0.0455285
0.0457508
0.0459662
0.0461747
0.0463764
0.0465714
0.0467591
0.0469399
0.047114
0.0472809
0.0474406
0.0475934
0.0477387
0.0478773
0.0480085
0.0481329
0.0482496
0.0483596
0.0484623
0.0485572
0.0486455
0.0487268
0.0488003
0.0488664
0.0489252
0.0489774
0.0490217
0.0490587
0.0490888
0.049111
0.0491266
0.0491339
0.0491348
0.0491278
0.0491139
0.0490924
0.0490638
0.0490274
0.0489843
0.0489336
0.0488758
0.0488105
0.0487381
0.0486583
0.0485712
0.0484771
0.0483758
0.0482671
0.0481515
0.0480284
0.0478982
0.0477609
0.0476168
0.0474651
0.0473065
0.0471412
0.0469687
0.0467892
0.0466026
0.0464091
0.0462087
0.0460018
0.0457878
0.0455666
0.0453391
0.0451049
0.0448639
0.0446161
0.0443616
0.0441007
0.0438333
0.0435593
0.0432788
0.0429921
0.0426989
0.0423993
0.0420933
0.0417812
0.0414629
0.0411385
0.0408079
0.0404715
0.0401287
0.0397801
0.0394257
0.0390654
0.0386993
0.0383276
0.0379501
0.037567
0.0371783
0.0367845
0.0363849
0.0359796
0.0355694
0.0351539
0.0347331
0.0343074
0.0338765
0.0334404
0.0329998
0.0325539
0.0321035
0.0316481
0.031188
0.0307238
0.0302547
0.0297811
0.0293033
0.028821
0.0283347
0.0278441
0.0273495
0.0268508
0.0263482
0.0258417
0.0253313
0.0248175
0.0242998
0.0237788
0.0232542
0.022726
0.0221947
0.0216601
0.0211225
0.0205815
0.0200378
0.0194911
0.0189416
0.0183892
0.0178344
0.0172768
0.0167168
0.0161543
0.0155896
0.0150226
0.0144534
0.0138823
0.0133091
0.012734
0.0121571
0.0115785
0.0109982
0.0104163
0.00983312
0.0092485
0.00866254
0.0080754
0.00748721
0.00689795
0.00630778
0.00571677
0.00512501
0.00453258
0.0039396
0.00334609
0.00275222
0.00215803
0.00156363
0.000969108
0.000374549
-0.000219962
-0.00081433
-0.00140846
-0.00200227
-0.00259569
-0.00318857
-0.0037809
-0.00437253
-0.00496338
-0.00555338
-0.00614247
-0.00673049
-0.00731739
-0.0079031
-0.00848748
-0.0090705
-0.00965202
-0.010232
-0.0108103
-0.0113869
-0.0119616
-0.0125345
-0.0131054
-0.0136742
-0.0142407
-0.0148051
-0.0153671
-0.0159267
-0.0164838
-0.0170383
-0.0175902
-0.0181392
-0.0186854
-0.0192287
-0.019769
-0.0203062
-0.0208403
-0.0213712
-0.0218986
-0.0224227
-0.0229433
-0.0234603
-0.0239738
-0.0244834
-0.0249893
-0.0254914
-0.0259895
-0.0264835
-0.0269734
-0.0274593
-0.0279408
-0.0284182
-0.0288909
-0.0293593
-0.0298232
-0.0302827
-0.0307373
-0.031187
-0.0316321
-0.0320726
-0.0325076
-0.0329382
-0.0333633
-0.0337835
-0.0341982
-0.0346079
-0.0350123
-0.0354115
-0.035805
-0.0361929
-0.0365756
-0.0369525
-0.0373237
-0.0376893
-0.0380492
-0.0384029
-0.0387509
-0.0390933
-0.0394291
-0.0397591
-0.0400835
-0.0404011
-0.0407131
-0.0410183
-0.0413178
-0.0416106
-0.0418969
-0.0421772
-0.0424507
-0.0427178
-0.0429785
-0.0432327
-0.0434803
-0.0437213
-0.0439551
-0.0441827
-0.0444034
-0.0446174
-0.0448243
-0.0450251
-0.0452183
-0.0454048
-0.0455845
-0.045757
-0.0459228
-0.0460815
-0.0462331
-0.0463775
-0.0465153
-0.0466457
-0.0467691
-0.0468853
-0.0469941
-0.047096
-0.0471907
-0.0472785
-0.0473586
-0.047432
-0.0474975
-0.0475563
-0.0476077
-0.0476521
-0.047689
-0.0477185
-0.0477411
-0.0477562
-0.0477639
-0.0477644
-0.0477576
-0.0477435
-0.0477226
-0.0476941
-0.0476583
-0.0476154
-0.0475651
-0.0475075
-0.0474429
-0.0473707
-0.0472917
-0.0472052
-0.0471117
-0.0470113
-0.0469034
-0.0467883
-0.0466664
-0.0465371
-0.0464011
-0.0462576
-0.0461071
-0.04595
-0.0457857
-0.0456143
-0.0454362
-0.0452509
-0.0450591
-0.0448603
-0.0446544
-0.0444421
-0.0442227
-0.0439968
-0.0437641
-0.0435249
-0.0432791
-0.0430267
-0.0427676
-0.042502
-0.04223
-0.0419519
-0.041667
-0.041376
-0.0410786
-0.0407749
-0.0404651
-0.0401493
-0.0398272
-0.0394989
-0.039165
-0.038825
-0.0384792
-0.0381272
-0.0377698
-0.0374064
-0.0370376
-0.0366628
-0.0362827
-0.0358969
-0.035506
-0.0351093
-0.0347075
-0.0343005
-0.0338881
-0.0334706
-0.0330477
-0.0326205
-0.0321877
-0.0317503
-0.0313081
-0.0308613
-0.0304095
-0.0299531
-0.0294923
-0.0290269
-0.0285573
-0.0280833
-0.0276049
-0.0271222
-0.0266357
-0.026145
-0.0256502
-0.025152
-0.0246494
-0.0241434
-0.0236337
-0.0231203
-0.0226035
-0.0220832
-0.0215596
-0.0210326
-0.0205025
-0.0199693
-0.019433
-0.0188939
-0.0183518
-0.0178069
-0.0172595
-0.0167093
-0.0161565
-0.0156014
-0.0150439
-0.014484
-0.013922
-0.013358
-0.0127918
-0.0122237
-0.0116538
-0.0110821
-0.0105087
-0.00993372
-0.0093572
-0.00877927
-0.00820007
-0.00761953
-0.00703791
-0.00645521
-0.00587147
-0.0052869
-0.00470156
-0.00411544
-0.0035287
-0.00294147
-0.00235375
-0.00176568
-0.00117736
-0.000588855
-2.54556e-07
0.000588345
0.00117685
0.00176518
0.00235325
0.00294096
0.00352819
0.00411493
0.00470104
0.00528642
0.00587098
0.00645468
0.0070374
0.00761903
0.00819952
0.0087788
0.00935669
0.00993317
0.0105081
0.0110816
0.0116533
0.0122232
0.0127913
0.0133574
0.0139216
0.0144835
0.0150434
0.0156009
0.0161561
0.0167088
0.017259
0.0178065
0.0183513
0.0188934
0.0194327
0.0199688
0.0205021
0.0210322
0.021559
0.0220828
0.022603
0.0231199
0.0236333
0.024143
0.0246493
0.0251515
0.0256501
0.0261446
0.0266352
0.027122
0.0276045
0.0280828
0.0285568
0.0290267
0.029492
0.0299526
0.030409
0.0308608
0.0313077
0.03175
0.0321875
0.0326199
0.0330475
0.03347
0.0338875
0.0342999
0.034707
0.03537
0.03537
0.03537
0.03537
0.03537
0.03537
0.03537
0.03537
0.03537
0.03537
0.03537
0.03537
0.03537
0.03537
0.03537
0.03537
0.03537
0.03537
0.03537
0.03537
0.03537
0.03537
0.03537
0.03537
0.03537
0.03537
0.03537
0.03537
0.03537
0.03537
0.03537
0.03537
0.03537
0.03537
0.03537
0.03537
0.03537
0.03537
0.03537
0.03537
0.03537
0.03537
0.03537
0.03537
0.03537
0.03537
0.03537
0.03537
0.03537
0.03537
0.03537
0.03537
0.03537
0.03537
0.03537
0.03537
0.03537
0.03537
0.03537
0.03537
0.03537
0.03537
0.03537
0.03537
0.03537
0.03537
0.03537
0.03537
0.03537
0.03537
0.03537
0.03537
0.03537
0.03537
0.03537
0.03537
0.03537
0.03537
0.03537
0.03537
0.03537
0.03537
0.03537
0.03537
0.03537
0.03537
0.03537
0.03537
0.03537
0.03537
0.03537
0.03537
0.03537
0.03537
0.03537
0.03537
0.03537
0.03537
0.03537
0.03537
0.03537
0.03537
0.03537
0.03537
0.03537
0.03537
0.03537
0.03537
0.03537
0.03537
0.03537
0.03537
0.03537
0.03537
0.03537
0.03537
0.03537
0.03537
0.03537
0.03537
0.03537
0.03537
0.03537
0.03537
0.03537
0.03537
0.03537
0.03537
0.03537
0.03537
0.03537
0.03537
0.03537
0.03537
0.03537
0.03537
0.03537
0.03537
0.03537
0.03537
0.03537
0.03537
0.03537
0.03537
0.03537
0.03537
0.03537
0.03537
0.03537
0.03537
0.03537
0.03537
0.03537
0.03537
0.03537
0.03537
0.03537
0.03537
0.03537
0.03537
0.03537
0.03537
0.03537
0.03537
0.03537
0.03537
0.03537
0.03537
0.03537
0.03537
0.03537
0.03537
0.03537
0.03537
0.03537
0.03537
0.03537
0.03537
0.03537
0.03537
0.03537
0.03537
0.03537
0.03537
0.03537
0.03537
0.03537
0.03537
0.03537
0.03537
0.03537
0.03537
0.03537
0.03537
0.03537
0.03537
0.03537
0.03537
0.03537
0.03537
0.03537
0.03537
0.03537
0.03537
0.03537
0.03537
0.03537
0.03537
0.03537
0.03537
0.03537
0.03537
0.03537
0.03537
0.03537
0.03537
0.03537
0.03537
0.03537
0.03537
0.03537
0.03537
0.03537
0.03537
0.03537
0.03537
0.03537
0.03537
0.03537
0.03537
0.03537
0.03537
0.03537
0.03537
0.03537
0.03537
0.03537
0.03537
0.03537
0.03537
0.03537
0.03537
0.03537
0.03537
0.03537
0.03537
0.03537
0.03537
0.03537
0.03537
0.03537
0.03537
0.03537
0.03537
0.03537
0.03537
0.03537
0.03537
0.03537
0.03537
0.03537
0.03537
0.03537
0.03537
0.03537
0.03537
0.03537
0.03537
0.0375129
0.0396557
0.0417986
0.0439414
0.0460842
0.0482271
0.0503699
0.0525127
0.0546556
0.0567984
0.0589412
0.0610841
0.0632269
0.0653697
0.0675126
0.0696554
0.0717982
0.0739411
0.0760839
0.0782267
0.0773339
0.076441
0.0755482
0.0746553
0.0737625
0.0728696
0.0719768
0.0710839
0.0701911
0.0692983
0.0684054
0.0675126
0.0666197
0.0657269
0.064834
0.0639412
0.0639412
0.0639412
0.0639412
0.0639412
0.0639412
0.0639412
0.0639412
0.0639412
0.0639412
0.0639412
0.0639412
0.0639412
0.0639412
0.0639412
0.0639412
0.0639412
0.0639412
0.0639412
0.0639412
0.0639412
0.0639412
0.0639412
0.0639412
0.0639412
0.0639412
0.0639412
0.0639412
0.0639412
0.0639412
0.0639412
0.0639412
0.0639412
0.0639412
0.0639412
0.0639412
0.0639412
0.0639412
0.0639412
0.0639412
0.0639412
0.0639412
0.0639412
0.0639412
0.0639412
0.0639412
0.0639412
0.0639412
0.0639412
0.0639412
0.0639412
0.0639412
0.0639412
0.0639412
0.0639412
0.0639412
0.0639412
0.0639412
0.0639412
0.0639412
0.0639412
0.0639412
0.0639412
0.0639412
0.0639412
0.0639412
0.0639412
0.0639412
0.0639412
0.0639412
0.0639412
0.0639412
0.0639412
0.0639412
0.0639412
0.0639412
0.0639412
0.0639412
0.0639412
0.0639412
0.0639412
0.0639412
0.0639412
0.0639412
0.0639412
0.0639412
0.0639412
0.0639412
0.0639412
0.0639412
0.0639412
0.0639412
0.0639412
0.0639412
0.0639412
0.0639412
0.0639412
0.0639412
0.0639412
0.0639412
0.0639412
0.0639412
0.0639412
0.0639412
0.0639412
0.0639412
0.0639412
0.0639412
0.0639412
0.0639412
0.0639412
0.0639412
0.0639412
0.0639412
0.0639412
0.0639412
0.0639412
0.0639412
0.0639412
0.0639412
0.0639412
0.0639412
0.0639412
0.0639412
0.0639412
0.0639412
0.0639412
0.0639412
0.0639412
0.0639412
0.0639412
0.0639412
0.0639412
0.0639412
0.0639412
0.0639412
0.0639412
0.0639412
0.0639412
0.0639412
0.0639412
0.0639412
0.0639412
0.0210845
