-0.220761
-0.219332
-0.217904
-0.216475
-0.215046
-0.213618
-0.212189
-0.210761
-0.209332
-0.207904
-0.206475
-0.206475
-0.206475
-0.206475
-0.206475
-0.206475
-0.206475
-0.206475
-0.206475
-0.206475
-0.206475
-0.206475
-0.206475
-0.206475
-0.206475
-0.206475
-0.203797
-0.201118
-0.19844
-0.195761
-0.193082
-0.190404
-0.187725
-0.185047
-0.182368
-0.17969
-0.177011
-0.174333
-0.171654
-0.168976
-0.166297
-0.163618
-0.163618
-0.163618
-0.163618
-0.163618
-0.163618
-0.163618
-0.163618
-0.163618
-0.163618
-0.163618
-0.163618
-0.163618
-0.163618
-0.163618
-0.163618
-0.163618
-0.163618
-0.163618
-0.163618
-0.163618
-0.163618
-0.163618
-0.163618
-0.163618
-0.163618
-0.163618
-0.163618
-0.163618
-0.163618
-0.163618
-0.163618
-0.160761
-0.157904
-0.155047
-0.15219
-0.149333
-0.148618
-0.147904
-0.14719
-0.146476
-0.145761
-0.145047
-0.144333
-0.143619
-0.142904
-0.14219
-0.141476
-0.140761
-0.140047
-0.139333
-0.138619
-0.137904
-0.13719
-0.136476
-0.135762
-0.135047
-0.133262
-0.131476
-0.12969
-0.127905
-0.126119
-0.124333
-0.122547
-0.120762
-0.118976
-0.11719
-0.115405
-0.113619
-0.111833
-0.110048
-0.108262
-0.106476
-0.106476
-0.106476
-0.106476
-0.106476
-0.106476
-0.106476
-0.106476
-0.106476
-0.106476
-0.106476
-0.106476
-0.106476
-0.106476
-0.106476
-0.106476
-0.106476
-0.106476
-0.106476
-0.106476
-0.106476
-0.106476
-0.106476
-0.106476
-0.106476
-0.106476
-0.106476
-0.106476
-0.106476
-0.106476
-0.106476
-0.0921906
-0.0921906
-0.0921906
-0.0921906
-0.0921906
-0.0921906
-0.0921906
-0.0921906
-0.0921906
-0.0921906
-0.0921906
-0.0921906
-0.0921906
-0.0921906
-0.0921906
-0.0921906
-0.0921906
-0.0921906
-0.0921906
-0.0921906
-0.0921906
-0.0921906
-0.0921906
-0.0921906
-0.0921906
-0.0921906
-0.0921906
-0.0921906
-0.0921906
-0.0921906
-0.0921906
-0.0921906
-0.0921906
-0.0921906
-0.0921906
-0.0921906
-0.0921906
-0.0900478
-0.0879049
-0.0857621
-0.0836193
-0.0814764
-0.0793336
-0.0771908
-0.0750479
-0.0729051
-0.0707623
-0.0686194
-0.0664766
-0.0643338
-0.0621909
-0.0600481
-0.0579053
-0.0557624
-0.0536196
-0.0514768
-0.0493339
-0.0493339
-0.0493339
-0.0493339
-0.0493339
-0.0493339
-0.0493339
-0.0493339
-0.0493339
-0.0493339
-0.0493339
-0.0493339
-0.0493339
-0.0493339
-0.0493339
-0.0636195
-0.0636195
-0.0636195
-0.0636195
-0.0636195
-0.0636195
-0.0636195
-0.0636195
-0.0636195
-0.0636195
-0.0636195
-0.0636195
-0.0636195
-0.0636195
-0.0636195
-0.0636195
-0.0636195
-0.0636195
-0.0636195
-0.0636195
-0.0636195
-0.0636195
-0.0636195
-0.0636195
-0.0636195
-0.0636195
-0.0636195
-0.0636195
-0.0636195
-0.0636195
-0.0636195
-0.0636195
-0.0636195
-0.0636195
-0.0636195
-0.0636195
-0.0636195
-0.0636195
-0.0636195
-0.0636195
-0.0636195
-0.0636195
-0.0636195
-0.0636195
-0.0636195
-0.0636195
-0.0636195
-0.0636195
-0.0636195
-0.0636195
-0.0636195
-0.0636195
-0.0636195
-0.0636195
-0.0636195
-0.0636195
-0.0636195
-0.0636195
-0.0636195
-0.0636195
-0.0636195
-0.0636195
-0.0636195
-0.0636195
-0.0636195
-0.0636195
-0.0636195
-0.0636195
-0.0636195
-0.0636195
-0.0636195
-0.0636195
-0.0636195
-0.0636195
-0.0636195
-0.0636195
-0.0636195
-0.0636195
-0.0636195
-0.0636195
-0.0636195
-0.0636195
-0.0636195
-0.0636195
-0.0636195
-0.0636195
-0.0636195
-0.0636195
-0.0636195
-0.0636195
-0.0636195
-0.0636195
-0.0636195
-0.0636195
-0.0636195
-0.0636195
-0.0636195
-0.0636195
-0.0636195
-0.0636195
-0.0636195
-0.0636195
-0.0636195
-0.0636195
-0.0636195
-0.0636195
-0.0636195
-0.0636195
-0.0636195
-0.0636195
-0.0636195
-0.0636195
-0.0636195
-0.0636195
-0.0636195
-0.0636195
-0.0636195
-0.0636195
-0.0636195
-0.0636195
-0.0636195
-0.0636195
-0.0636195
-0.0636195
-0.0636195
-0.0636195
-0.0636195
-0.0636195
-0.0636195
-0.0636195
-0.0636195
-0.0636195
-0.0636195
-0.0636195
-0.0636195
-0.0636195
-0.0636195
-0.0636195
-0.0636195
-0.0636195
-0.0636195
-0.0636195
-0.0636195
-0.0636195
-0.0636195
-0.0645123
-0.0654052
-0.066298
-0.0671909
-0.0680837
-0.0689766
-0.0698694
-0.0707623
-0.0716551
-0.072548
-0.0734408
-0.0743337
-0.0752265
-0.0761194
-0.0770122
-0.0779051
-0.0779051
-0.0779051
-0.0779051
-0.0779051
-0.0779051
-0.0779051
-0.0779051
-0.0779051
-0.0779051
-0.0779051
-0.0779051
-0.0779051
-0.0779051
-0.0779051
-0.0779051
-0.0779051
-0.0779051
-0.0779051
-0.0779051
-0.0779051
-0.0779051
-0.0779051
-0.0779051
-0.0779051
-0.0779051
-0.0779051
-0.0779051
-0.0779051
-0.0779051
-0.0779051
-0.0779051
-0.0779051
-0.0779051
-0.0779051
-0.0779051
-0.0779051
-0.0779051
-0.0779051
-0.0779051
-0.0779051
-0.0779051
-0.0779051
-0.0779051
-0.0779051
-0.0779051
-0.0779051
-0.0779051
-0.0779051
-0.0779051
-0.0779051
-0.0779051
-0.0779051
-0.0779051
-0.0779051
-0.0779051
-0.0779051
-0.0779051
-0.0779051
-0.0779051
-0.0779051
-0.0779051
-0.0770122
-0.0761194
-0.0752265
-0.0743337
-0.0734408
-0.072548
-0.0716551
-0.0707623
-0.0698694
-0.0689766
-0.0680837
-0.0671909
-0.066298
-0.0654052
-0.0645123
-0.0636195
-0.0636195
-0.0636195
-0.0636195
-0.0636195
-0.0636195
-0.0636195
-0.0636195
-0.0636195
-0.0636195
-0.0636195
-0.0636195
-0.0636195
-0.0636195
-0.0636195
-0.0636195
-0.0636195
-0.0636195
-0.0636195
-0.0636195
-0.0636195
-0.0636195
-0.0636195
-0.0636195
-0.0636195
-0.0636195
-0.0636195
-0.0636195
-0.0636195
-0.0636195
-0.0636195
-0.0636195
-0.0636195
-0.0636195
-0.0636195
-0.0636195
-0.0636195
-0.0636195
-0.0636195
-0.0636195
-0.0636195
-0.0636195
-0.0636195
-0.0636195
-0.0636195
-0.0636195
-0.0636195
-0.0636195
-0.0636195
-0.0636195
-0.0636195
-0.0636195
-0.0636195
-0.0636195
-0.0636195
-0.0636195
-0.0636195
-0.0636195
-0.0636195
-0.0636195
-0.0636195
-0.0636195
-0.0636195
-0.0636195
-0.0636195
-0.0636195
-0.0636195
-0.0636195
-0.0636195
-0.0636195
-0.0636195
-0.0636195
-0.0636195
-0.0636195
-0.0636195
-0.0636195
-0.0636195
-0.0636195
-0.0636195
-0.0636195
-0.0636195
-0.0636195
-0.0636195
-0.0636195
-0.0636195
-0.0636195
-0.0636195
-0.0636195
-0.0636195
-0.0636195
-0.0636195
-0.0636195
-0.0636195
-0.0636195
-0.0636195
-0.0636195
-0.0636195
-0.0636195
-0.0636195
-0.0636195
-0.0636195
-0.0636195
-0.0636195
-0.0636195
-0.0636195
-0.0636195
-0.0636195
-0.0636195
-0.0636195
-0.0636195
-0.0636195
-0.0636195
-0.0636195
-0.0636195
-0.0636195
-0.0636195
-0.0636195
-0.0636195
-0.0636195
-0.0636195
-0.0636195
-0.0636195
-0.0636195
-0.0636195
-0.0636195
-0.0636195
-0.0636195
-0.0636195
-0.0636195
-0.0636195
-0.0636195
-0.0636195
-0.0636195
-0.0636195
-0.0636195
-0.0636195
-0.0636195
-0.0636195
-0.0636195
-0.0636195
-0.0636195
-0.0636195
-0.0636195
-0.0636195
-0.0636195
-0.0636195
-0.0636195
-0.0636195
-0.0636195
-0.0636195
-0.0636195
-0.0636195
-0.0636195
-0.0636195
0.150671
0.147814
0.130671
0.113527
0.0963842
0.0792409
-0.0389436
-0.0428398
-0.046736
-0.0506322
-0.0545284
-0.0584246
-0.0623208
-0.0662169
-0.0701131
-0.0740093
-0.0779055
-0.0779055
-0.0779055
-0.0779055
-0.0779055
-0.0779055
-0.0779055
-0.0779055
-0.0779055
-0.0779055
-0.0779055
-0.0779055
-0.0779055
-0.0779055
-0.0779055
-0.0779055
-0.0779055
-0.0779055
-0.0779055
-0.0779055
-0.0779055
-0.0779055
-0.0779055
-0.0779055
-0.0779055
-0.0779055
-0.0779055
-0.0779055
-0.0779055
-0.0779055
-0.0779055
-0.0779055
-0.0779055
-0.0779055
-0.0779055
-0.0779055
-0.0779055
-0.0800484
-0.0821913
-0.0843343
-0.0864772
-0.0886201
-0.090763
-0.0929059
-0.0950488
-0.0971917
-0.0993346
-0.101478
-0.10362
-0.105763
-0.107906
-0.110049
-0.112192
-0.114335
-0.116478
-0.118621
-0.120764
-0.120764
-0.120764
-0.120764
-0.120764
-0.120764
-0.120764
-0.120764
-0.120764
-0.120764
-0.120764
-0.120764
-0.120764
-0.120764
-0.120764
-0.120764
-0.120764
-0.120764
-0.120764
-0.120764
-0.120764
-0.120764
-0.120764
-0.120764
-0.120764
-0.120764
-0.120764
-0.120764
-0.120764
-0.120764
-0.120764
-0.120764
-0.120764
-0.120764
-0.120764
-0.120764
-0.120764
-0.120764
-0.120764
-0.120764
-0.120764
-0.120764
-0.120764
-0.120764
-0.120764
-0.120764
-0.120764
-0.120764
-0.120764
-0.120764
-0.120764
-0.120764
-0.120764
-0.120764
-0.120764
-0.120764
-0.120764
-0.120764
-0.120764
-0.120764
-0.120764
-0.120764
-0.120764
-0.120764
-0.120764
-0.120764
-0.120764
-0.120764
-0.120764
-0.120764
-0.120764
-0.120764
-0.120764
-0.120764
-0.120764
-0.120764
-0.120764
-0.120764
-0.120764
-0.120764
-0.120764
-0.120764
-0.120764
-0.120764
-0.120764
-0.120764
-0.120764
-0.120764
-0.120764
-0.121716
-0.122668
-0.123621
-0.124573
-0.125526
-0.126478
-0.12743
-0.128383
-0.129335
-0.130288
-0.13124
-0.132193
-0.133145
-0.134097
-0.13505
-0.136002
-0.136955
-0.137907
-0.138859
-0.139812
-0.140764
-0.141717
-0.142669
-0.143621
-0.144574
-0.145526
-0.146479
-0.147431
-0.148383
-0.149336
-0.149336
-0.149336
-0.149336
-0.149336
-0.149336
-0.149336
-0.149336
-0.149336
-0.149336
-0.149336
-0.149336
-0.149336
-0.149336
-0.149336
-0.149336
-0.149336
-0.149336
-0.149336
-0.149336
-0.149336
-0.149336
-0.149336
-0.149336
-0.149336
-0.149336
-0.149336
-0.152193
-0.15505
-0.157907
-0.160765
-0.163622
-0.166479
-0.169336
-0.172193
-0.175051
-0.177908
-0.180765
-0.183622
-0.186479
-0.189337
-0.192194
-0.192194
-0.192194
-0.192194
-0.192194
-0.192194
-0.192194
-0.192194
-0.192194
-0.192194
-0.192194
-0.192194
-0.192194
-0.192194
-0.192194
-0.192194
-0.192194
-0.192194
-0.192194
-0.192194
-0.192194
-0.192194
-0.182548
-0.183629
-0.184681
-0.185707
-0.186704
-0.187675
-0.188617
-0.189531
-0.190417
-0.191274
-0.192104
-0.192904
-0.193676
-0.19442
-0.195134
-0.195819
-0.196475
-0.197102
-0.1977
-0.198268
-0.198806
-0.199315
-0.199795
-0.200245
-0.200664
-0.201054
-0.201414
-0.201744
-0.202045
-0.202314
-0.202554
-0.202764
-0.202943
-0.203092
-0.203211
-0.2033
-0.203359
-0.203387
-0.203384
-0.203352
-0.203289
-0.203196
-0.203072
-0.202919
-0.202735
-0.202521
-0.202276
-0.202002
-0.201697
-0.201362
-0.200998
-0.200603
-0.200178
-0.199724
-0.19924
-0.198726
-0.198182
-0.197609
-0.197006
-0.196374
-0.195713
-0.195022
-0.194303
-0.193554
-0.192776
-0.19197
-0.191135
-0.190272
-0.18938
-0.18846
-0.187511
-0.186535
-0.185531
-0.184499
-0.18344
-0.182353
-0.18124
-0.180099
-0.178931
-0.177736
-0.176515
-0.175268
-0.173994
-0.172694
-0.171369
-0.170018
-0.168642
-0.16724
-0.165814
-0.164362
-0.162886
-0.161386
-0.159862
-0.158314
-0.156742
-0.155147
-0.153528
-0.151887
-0.150223
-0.148537
-0.146828
-0.145098
-0.143345
-0.141572
-0.139777
-0.137961
-0.136125
-0.134268
-0.132392
-0.130495
-0.128579
-0.126644
-0.12469
-0.122717
-0.120726
-0.118717
-0.11669
-0.114646
-0.112585
-0.110506
-0.108412
-0.106301
-0.104174
-0.102032
-0.0998739
-0.0977013
-0.0955142
-0.0933127
-0.0910974
-0.0888684
-0.0866261
-0.0843709
-0.082103
-0.0798229
-0.0775309
-0.0752273
-0.0729124
-0.0705866
-0.0682503
-0.0659038
-0.0635475
-0.0611816
-0.0588066
-0.0564228
-0.0540306
-0.0516303
-0.0492223
-0.0468069
-0.0443845
-0.0419555
-0.0395202
-0.037079
-0.0346323
-0.0321804
-0.0297237
-0.0272625
-0.0247973
-0.0223284
-0.0198561
-0.0173808
-0.014903
-0.0124229
-0.00994101
-0.00745759
-0.00497306
-0.00248779
-2.14998e-06
0.00248349
