-0.00262496
0
0.00262496
0.00524982
0.00787448
0.0104988
0.0131228
0.0157463
0.0183692
0.0209915
0.0236127
0.0262333
0.0288527
0.0314712
0.0340885
0.0367045
0.039319
0.0419322
0.0445436
0.0471536
0.0497617
0.0523679
0.054972
0.0575743
0.0601743
0.0627719
0.0653672
0.0679602
0.0705504
0.0731382
0.0757231
0.0783052
0.0808844
0.0834605
0.0860334
0.088603
0.0911694
0.0937327
0.0962916
0.0988476
0.101399
0.103948
0.106492
0.109032
0.111569
0.114101
0.116629
0.119152
0.121671
0.124185
0.126694
0.129199
0.131699
0.134194
0.136685
0.139169
0.141649
0.144123
0.146592
0.149055
0.151512
0.153964
0.15641
0.158851
0.161285
0.163713
0.166136
0.168551
0.170961
0.173364
0.175761
0.178151
0.180533
0.18291
0.18528
0.187642
0.189997
0.192347
0.194687
0.19702
0.199347
0.201665
0.203977
0.20628
0.208576
0.210864
0.213143
0.167044
0.167044
0.167044
0.167044
0.167044
0.18133
0.18133
0.18133
0.18133
0.18133
0.18133
0.18133
0.18133
0.18133
0.18133
0.18133
0.18133
0.18133
0.18133
0.18133
0.18133
0.18133
0.18133
0.18133
0.18133
0.18133
0.18133
0.18133
0.18133
0.18133
0.18133
0.18133
0.18133
0.18133
0.18133
0.18133
0.18133
0.18133
0.18133
0.18133
0.18133
0.18133
0.18133
0.18133
0.18133
0.18133
0.18133
0.18133
0.18133
0.18133
0.18133
0.18133
0.18133
0.18133
0.18133
0.18133
0.18133
0.18133
0.18133
0.18133
0.18133
0.18133
0.18133
0.18133
0.18133
0.18133
0.18133
0.18133
0.18133
0.18133
0.18133
0.18133
0.18133
0.182283
0.183235
0.184187
0.18514
0.186092
0.187045
0.187997
0.188949
0.189902
0.190854
0.191807
0.192759
0.193711
0.194664
0.195616
0.195616
0.195616
0.195616
0.195616
0.195616
0.195616
0.195616
0.195616
0.195616
0.195616
0.195616
0.195616
0.195616
0.195616
0.195616
0.195616
0.195616
0.195616
0.195616
0.195616
0.195616
0.195616
0.195616
0.195616
0.195616
0.195616
0.195616
0.195616
0.195616
0.195616
0.195616
0.195616
0.195616
0.195616
0.195616
0.195616
0.192759
0.189902
0.187045
0.184187
0.18133
0.18133
0.18133
0.18133
0.18133
0.18133
0.18133
0.18133
0.18133
0.18133
0.18133
0.18133
0.18133
0.18133
0.18133
0.18133
0.195616
0.195616
0.195616
0.195616
0.195616
0.195616
0.192759
0.189902
0.187045
0.184187
0.18133
0.18133
0.18133
0.18133
0.18133
0.18133
0.18133
0.18133
0.18133
0.18133
0.18133
0.18133
0.18133
0.18133
0.18133
0.18133
0.18133
0.0158664
0.0158494
0.0158323
0.0158152
-0.146385
0.427515
0.427412
0.427289
0.427154
0.426999
0.42683
0.426646
0.426444
0.426229
0.425994
0.425744
0.425481
0.4252
0.424902
0.424586
0.424257
0.423914
0.42355
0.423175
0.422782
0.422373
0.421947
0.421507
0.42105
0.420576
0.42009
0.419585
0.419065
0.41853
0.417978
0.41741
0.416827
0.416231
0.415615
0.414984
0.414338
0.413677
0.413001
0.412307
0.4116
0.410877
0.410139
0.409385
0.408614
0.407828
0.407028
0.406212
0.405382
0.404535
0.403673
0.402798
0.401906
0.400998
0.400076
0.399139
0.398187
0.39722
0.396238
0.395241
0.394227
0.393201
0.392158
0.391104
0.390032
0.388945
0.387845
0.386731
0.385602
0.384457
0.3833
0.382126
0.380939
0.379737
0.378521
0.377291
0.376046
0.374787
0.373515
0.372227
0.370926
0.369612
0.368283
0.366941
0.365584
0.364215
0.36283
0.361432
0.360022
0.358597
0.357158
0.355706
0.354243
0.352765
0.351273
0.349768
0.348249
0.346718
0.345173
0.343616
0.342046
0.340463
0.338867
0.337258
0.335638
0.334004
0.332358
0.330698
0.329027
0.327342
0.325647
0.323939
0.322217
0.320484
0.318739
0.316984
0.315214
0.313433
0.311641
0.309838
0.30802
0.306193
0.304355
0.302504
0.300642
0.29877
0.296886
0.294989
0.293083
0.291165
0.289236
0.287297
0.285346
0.283386
0.281414
0.279431
0.277438
0.275434
0.273421
0.271397
0.269362
0.267319
0.265264
0.2632
0.261125
0.259042
0.256948
0.254843
0.25273
0.250608
0.248476
0.246334
0.244183
0.242023
0.239855
0.237677
0.235489
0.233294
0.231089
0.228875
0.226653
0.224423
0.222183
0.219937
0.21768
0.215418
0.213145
0.210865
0.208576
0.206282
0.203978
0.201667
0.199347
0.197021
0.194688
0.192347
0.189999
0.187643
0.18528
0.182911
0.180535
0.178152
0.175762
0.173365
0.170962
0.168553
0.166137
0.163715
0.161286
0.158853
0.156412
0.153966
0.151514
0.149057
0.146593
0.144124
0.14165
0.13917
0.136686
0.134195
0.131701
0.1292
0.126696
0.124186
0.121672
0.119153
0.116629
0.114102
0.111569
0.109034
0.106494
0.103949
0.101401
0.0988491
0.0962933
0.0937337
0.0911706
0.0886041
0.0860345
0.0834617
0.0808856
0.0783064
0.0757243
0.0731392
0.0705516
0.0679612
0.0653684
0.0627731
0.0601754
0.0575755
0.054973
0.0523691
0.0497628
0.0471547
0.0445448
0.0419332
0.0393202
0.0367055
0.0340897
0.0314723
0.0288539
0.0262345
0.0236139
0.0209925
0.0183703
0.0157475
0.013124
0.0105
0.00787562
0.00525095
0.0026261
1.13521e-06
-0.00262382
-0.00524869
-0.00787336
-0.0104977
-0.0131217
-0.0157451
-0.0183681
-0.0209902
-0.0236116
-0.0262321
-0.0288517
-0.03147
-0.0340873
-0.0367033
-0.0393179
-0.041931
-0.0445427
-0.0471523
-0.0497605
-0.0523667
-0.054971
-0.0575731
-0.0601733
-0.062771
-0.0653662
-0.0679591
-0.0705495
-0.073137
-0.0757223
-0.0783044
-0.0808835
-0.0834595
-0.086032
-0.0886023
-0.0911686
-0.0937312
-0.0962908
-0.0988464
-0.101399
-0.103947
-0.106492
-0.109032
-0.111568
-0.1141
-0.116628
-0.119151
-0.12167
-0.124184
-0.126694
-0.129199
-0.131698
-0.134194
-0.136683
-0.139168
-0.141648
-0.144122
-0.146591
-0.146813
-0.147034
-0.147256
-0.147478
-0.147699
-0.14792
-0.148142
-0.148363
-0.148585
-0.148807
-0.149028
-0.14925
-0.149471
-0.149693
-0.149915
-0.150136
-0.150357
-0.150579
-0.150801
-0.151022
-0.151244
-0.151465
-0.151687
-0.151909
-0.15213
-0.152352
-0.152573
-0.152795
-0.153016
-0.153238
-0.153459
-0.15341
-0.15336
-0.153311
-0.153262
-0.153212
-0.153163
-0.153114
-0.153064
-0.153015
-0.152966
-0.152916
-0.152867
-0.152818
-0.152768
-0.152719
-0.15267
-0.15262
-0.152571
-0.152522
-0.152472
-0.152472
-0.152472
-0.152472
-0.152472
-0.152472
-0.152472
-0.152472
-0.152472
-0.152472
-0.152472
-0.152472
-0.152472
-0.152472
-0.152472
-0.152472
-0.152472
-0.152472
-0.152472
-0.152472
-0.152472
-0.152473
-0.152454
-0.152437
-0.152419
-0.152401
-0.152383
-0.152365
-0.152347
-0.152329
-0.152312
-0.152293
-0.152275
-0.152258
-0.15224
-0.152222
-0.152204
-0.152186
-0.152168
-0.15215
-0.152132
-0.152114
-0.152096
-0.152079
-0.152061
-0.152043
-0.152025
-0.152006
-0.150781
-0.149555
-0.148329
-0.147104
-0.145877
-0.144652
-0.143426
-0.1422
-0.140974
-0.139748
-0.138522
-0.137296
-0.136071
-0.134845
-0.133619
-0.132393
-0.131167
-0.129941
-0.128715
-0.080391
-0.0803759
-0.0803608
-0.0803457
-0.0803303
-0.0803151
-0.0803001
-0.0802848
-0.0802695
-0.0802544
-0.0802394
-0.0802239
-0.0802088
-0.0801937
-0.0801785
-0.0801633
-0.0563127
-0.0516464
-0.0469808
-0.0423148
-0.0376488
-0.0329829
-0.0283171
-0.0236511
-0.0189852
-0.0143192
-0.00965334
-0.00498744
-0.000321515
0.0043444
0.00901033
0.0136762
0.0183422
0.0230081
0.0276741
0.0323399
0.0370058
0.0416717
0.0463376
0.0510037
0.0556696
0.0603354
0.0608982
0.0614613
0.0620239
0.0625869
0.06315
0.0637127
0.0642755
0.0648384
0.0654014
0.0659642
0.0665272
0.0670901
0.0676531
0.068216
0.0687789
0.0693419
0.0699047
0.0704675
0.0710305
0.0715935
0.0721561
0.0727193
0.0732821
0.073845
0.0744078
0.0749708
0.0755334
0.0760968
0.0766595
0.0772224
0.0777852
0.0783482
0.0789112
0.0794739
0.080037
0.0805998
0.0811625
0.0817255
0.0822883
0.0828516
0.0834143
0.0833896
0.0833647
0.0833399
0.0833148
0.0832903
0.0832651
0.0832404
0.0832155
0.0831909
0.083166
0.0831411
0.0831162
0.0830914
0.0830665
0.0830417
0.0830167
0.082992
0.0829671
0.0829424
0.0829175
0.0828927
0.0840484
0.0852043
0.0863599
0.0875157
0.0886712
0.0898267
0.0909826
0.0921384
0.0932942
0.0944501
0.0956055
0.0967613
0.0979169
0.0990727
0.100228
0.101384
0.10254
0.103696
0.104851
0.106007
0.105992
0.105977
0.105962
0.105947
0.105932
0.105917
0.105902
0.105887
0.105872
0.105857
0.105842
0.105827
0.105811
0.105797
0.105782
0.105767
0.105752
0.105738
0.105722
0.105707
0.105693
0.105667
0.105642
0.105616
0.105592
0.105566
0.105541
0.105516
0.105491
0.105466
0.10544
0.105415
0.10539
0.105365
0.105339
0.105314
0.105289
0.105264
0.105239
0.105214
0.105188
0.105163
0.105138
0.105113
0.105088
0.105063
0.101359
-0.364215
-0.362831
-0.361434
-0.360023
-0.358598
-0.357159
-0.355707
-0.354243
-0.352765
-0.351273
-0.349768
-0.348249
-0.346718
-0.345175
-0.343616
-0.342047
-0.340464
-0.338868
-0.337259
-0.335638
-0.334004
-0.332358
-0.330698
-0.329028
-0.327343
-0.325648
-0.323939
-0.322218
-0.320485
-0.31874
-0.316984
-0.315214
-0.313434
-0.311642
-0.309839
-0.308023
-0.306195
-0.304356
-0.302505
-0.300644
-0.29877
-0.296886
-0.29499
-0.293083
-0.291165
-0.289238
-0.287298
-0.285348
-0.283386
-0.281415
-0.279433
-0.27744
-0.275436
-0.273422
-0.271398
-0.269364
-0.26732
-0.265265
-0.263201
-0.261126
-0.259043
-0.256948
-0.254845
-0.252732
-0.250608
-0.248476
-0.246335
-0.244184
-0.242025
-0.239856
-0.237677
-0.235491
-0.233295
-0.231089
-0.228875
-0.226655
-0.224423
-0.222185
-0.219938
-0.217682
-0.215418
-0.213146
-0.210865
-0.208579
-0.206282
-0.203978
-0.201667
-0.199349
-0.197023
-0.194688
-0.192348
-0.19
-0.187644
-0.185282
-0.182912
-0.180535
-0.178152
-0.175762
-0.173366
-0.170963
-0.168553
-0.166138
-0.163715
-0.161288
-0.158853
-0.156413
-0.153967
-0.151515
-0.149057
-0.146594
-0.144125
-0.141651
-0.139171
-0.136687
-0.134196
-0.131702
-0.129202
-0.126697
-0.124188
-0.121674
-0.119154
-0.116631
-0.114103
-0.111571
-0.109035
-0.106494
-0.10395
-0.101402
-0.09885
-0.0962938
-0.0937348
-0.0911717
-0.0886053
-0.0860358
-0.0834628
-0.0808867
-0.0783076
-0.0757251
-0.0731406
-0.0705528
-0.0679624
-0.0653696
-0.0627743
-0.0601766
-0.0575766
-0.0549745
-0.0523701
-0.0497639
-0.0471558
-0.044546
-0.0419345
-0.0393213
-0.0367067
-0.0340908
-0.0314735
-0.0288551
-0.0262356
-0.023615
-0.0209936
-0.0183714
-0.0157485
-0.0131251
-0.0105011
-0.00787678
-0.0052521
-0.00262723
-2.27043e-06
0.00262269
