0.199994
0.2
0.199994
0.199975
0.199944
0.1999
0.199843
0.199774
0.199693
0.199599
0.199492
0.199373
0.199242
0.199098
0.198941
0.198773
0.198592
0.198398
0.198192
0.197974
0.197743
0.197501
0.197246
0.196979
0.196699
0.196408
0.196104
0.195789
0.195461
0.195121
0.19477
0.194407
0.194031
0.193644
0.193246
0.192835
0.192413
0.191979
0.191534
0.191078
0.19061
0.19013
0.189639
0.189138
0.188625
0.1881
0.187565
0.187019
0.186462
0.185894
0.185315
0.184726
0.184126
0.183516
0.182895
0.182264
0.181622
0.18097
0.180308
0.179637
0.178955
0.178263
0.177561
0.17685
0.176129
0.175399
0.174659
0.17391
0.173152
0.172385
0.171608
0.170823
0.170029
0.169226
0.168414
0.167594
0.166765
0.165928
0.165083
0.16423
0.163369
0.162499
0.161623
0.160738
0.159846
0.158946
0.158039
0.157125
0.156203
0.155275
0.15434
0.153398
0.152449
0.151494
0.150532
0.149564
0.14859
0.14761
0.146624
0.145632
0.144635
0.143632
0.142623
0.141609
0.14059
0.139566
0.138537
0.137503
0.136465
0.135422
0.134374
0.133323
0.132267
0.131207
0.130143
0.129075
0.128004
0.126929
0.125851
0.12477
0.123685
0.122598
0.121508
0.120415
0.119319
0.118221
0.117121
0.116018
0.114914
0.113807
0.112699
0.111589
0.110478
0.109365
0.108251
0.107136
0.10602
0.104903
0.103785
0.102667
0.101549
0.10043
0.0993106
0.0981914
0.0970724
0.0959537
0.0948353
0.0937174
0.0926001
0.0914836
0.090368
0.0892534
0.0881399
0.0870278
0.0859171
0.0848079
0.0837004
0.0825947
0.081491
0.0803893
0.0792898
0.0781926
0.0770979
0.0760057
0.0749163
0.0738297
0.072746
0.0716654
0.070588
0.0695139
0.0684432
0.0673762
0.0663128
0.0652532
0.0641975
0.0631459
0.0620984
0.0610553
0.0600165
0.0589822
0.0579525
0.0569276
0.0559076
0.0548925
0.0538824
0.0528776
0.0518781
0.0508839
0.0498953
0.0489123
0.047935
0.0469636
0.0459981
0.0450386
0.0440853
0.0431382
0.0421974
0.0412631
0.0403353
0.0394141
0.0384997
0.0375921
0.0366914
0.0357977
0.0349112
0.0340318
0.0331596
0.0322949
0.0314376
0.0305878
0.0297457
0.0289112
0.0280846
0.0272658
0.0264549
0.0256521
0.0248573
0.0240707
0.0232924
0.0225224
0.0217608
0.0210076
0.020263
0.0195269
0.0187995
0.0180809
0.017371
0.0166699
0.0159778
0.0152947
0.0146205
0.0139555
0.0132995
0.0126528
0.0120153
0.0113871
0.0107682
0.0101587
0.0095587
0.00896812
0.00838707
0.00781557
0.00725368
0.00670142
0.00615885
0.00562598
0.00510286
0.00458952
0.00408599
0.0035923
0.00310848
0.00263455
0.00217054
0.00171648
0.00127238
0.000838273
0.000414169
8.84532e-08
-0.000403952
-0.000797939
-0.00118186
-0.0015557
-0.00191945
-0.0022731
-0.00261665
-0.00295009
-0.00327341
-0.00358662
-0.0038897
-0.00418267
-0.00446553
-0.00473827
-0.0050009
-0.00525344
-0.00549588
-0.00572824
-0.00595052
-0.00616275
-0.00636493
-0.00655707
-0.00673921
-0.00691135
-0.00707351
-0.00722572
-0.007368
-0.00750037
-0.00762285
-0.00773549
-0.00783829
-0.0079313
-0.00801455
-0.00808806
-0.00815187
-0.00820602
-0.00825055
-0.00828549
-0.00831088
-0.00832676
-0.00833318
-0.00833018
-0.0083178
-0.0082961
-0.00826511
-0.0082249
-0.0081755
-0.00811697
-0.00804937
-0.00797274
-0.00788715
-0.00779264
-0.00768929
-0.00757715
-0.00745627
-0.00732672
-0.00718857
-0.00704188
-0.0068867
-0.00672312
-0.0065512
-0.006371
-0.0061826
-0.00598607
-0.00578148
-0.0055689
-0.00534841
-0.00512008
-0.004884
-0.00464023
-0.00438886
-0.00412996
-0.00386363
-0.00358993
-0.00330896
-0.00302079
-0.00272551
-0.00242321
-0.00211398
-0.00179789
-0.00147504
-0.00114552
-0.00080942
-0.000466828
-0.000117838
0.000237458
0.000598967
0.000966594
0.00134024
0.00171982
0.00210523
0.00249637
0.00289315
0.00329546
0.00370321
0.0041163
0.00453462
0.00495808
0.00538658
0.00582
0.00625825
0.00670123
0.00714882
0.00760093
0.00805745
0.00851827
0.00898329
0.0094524
0.0099255
0.0104025
0.0108832
0.0113676
0.0118556
0.012347
0.0128417
0.0133396
0.0138407
0.0143447
0.0148517
0.0153614
0.0158738
0.0163888
0.0169062
0.017426
0.0179479
0.018472
0.0189981
0.019526
0.0200558
0.0205872
0.0211201
0.0216545
0.0221902
0.0227272
0.0232652
0.0238042
0.0243441
0.0248848
0.0254261
0.0259679
0.0265102
0.0270528
0.0275956
0.0281385
0.0286813
0.0292241
0.0297666
0.0303087
0.0308504
0.0313915
0.031932
0.0324716
0.0330104
0.0335481
0.0340847
0.0346202
0.0351542
0.0356869
0.036218
0.0367474
0.0372751
0.0378009
0.0383248
0.0388466
0.0393662
0.0398836
0.0403985
0.040911
0.0414209
0.0419282
0.0424326
0.0429342
0.0434328
0.0439283
0.0444207
0.0449098
0.0453955
0.0458777
0.0463564
0.0468315
0.0473028
0.0477703
0.0482339
0.0486934
0.0491489
0.0496002
0.0500472
0.0504898
0.050928
0.0513616
0.0517907
0.052215
0.0526346
0.0530492
0.053459
0.0538637
0.0542634
0.0546578
0.0550471
0.0554309
0.0558094
0.0561825
0.0565499
0.0569118
0.057268
0.0576185
0.0579631
0.0583018
0.0586346
0.0589614
0.0592821
0.0595967
0.0599051
0.0602072
0.0605031
0.0607926
0.0610756
0.0613522
0.0616222
0.0618857
0.0621426
0.0623927
0.0626362
0.0628729
0.0631027
0.0633257
0.0635418
0.063751
0.0639532
0.0641484
0.0643365
0.0645175
0.0646914
0.0648582
0.0650177
0.06517
0.0653151
0.065453
0.0655835
0.0657067
0.0658225
0.065931
0.066032
0.0661257
0.0662119
0.0662907
0.0663621
0.0664259
0.0664823
0.0665312
0.0665726
0.0666064
0.0666328
0.0666516
0.0666629
0.0666666
0.0638102
0.0609538
0.0580973
0.0552409
0.0523844
0.049528
0.0466715
0.0438151
0.0409587
0.0381022
0.0378755
0.0376488
0.0374221
0.0371954
0.0369687
0.036742
0.0365153
0.0362886
0.0360619
0.0358352
0.0356085
0.0353818
0.0351551
0.0349284
0.0347017
0.034475
0.0342483
0.0340216
0.0337949
0.0335682
0.02382
0.02382
0.02382
0.02382
0.02382
0.02382
0.0616225
0.0613524
0.0610758
0.0607928
0.0605033
0.0602075
0.0599054
0.059597
0.0592824
0.0589617
0.0586349
0.0583021
0.0579634
0.0576188
0.0572683
0.0569121
0.0565503
0.0561828
0.0558098
0.0554313
0.0550474
0.0546582
0.0542637
0.0538641
0.0534594
0.0530496
0.0526349
0.0522154
0.051791
0.051362
0.0509283
0.0504902
0.0500475
0.0496005
0.0491493
0.0486938
0.0482343
0.0477707
0.0473032
0.0468319
0.0463568
0.0458781
0.0453959
0.0449102
0.0444211
0.0439287
0.0434332
0.0429346
0.0424331
0.0419286
0.0414214
0.0409115
0.040399
0.039884
0.0393667
0.038847
0.0383252
0.0378014
0.0372755
0.0367479
0.0362184
0.0356873
0.0351547
0.0346206
0.0340852
0.0335486
0.0330108
0.0324721
0.0319324
0.031392
0.0308509
0.0303092
0.0297671
0.0292246
0.0286818
0.0281389
0.0275961
0.0270533
0.0265107
0.0259684
0.0254265
0.0248852
0.0243446
0.0238047
0.0232657
0.0227276
0.0221907
0.021655
0.0211206
0.0205876
0.0200562
0.0195265
0.0189985
0.0184725
0.0179484
0.0174264
0.0169067
0.0163892
0.0158743
0.0153619
0.0148521
0.0143452
0.0138411
0.0133401
0.0128421
0.0123474
0.011856
0.011368
0.0108836
0.0104029
0.00992591
0.00945281
0.0089837
0.00851867
0.00805785
0.00760132
0.00714921
0.00670161
0.00625863
0.00582038
0.00538695
0.00495845
0.00453499
0.00411666
0.00370357
0.00329581
0.00289349
0.00249671
0.00210556
0.00172015
0.00134057
0.000966914
0.000599282
0.000237768
-0.000117534
-0.000466529
-0.000809127
-0.00114523
-0.00147476
-0.00179761
-0.00211371
-0.00242295
-0.00272526
-0.00302054
-0.00330871
-0.00358969
-0.0038634
-0.00412974
-0.00438864
-0.00464001
-0.00488379
-0.00511988
-0.00534821
-0.00556871
-0.0057813
-0.0059859
-0.00618243
-0.00637084
-0.00655105
-0.00672298
-0.00688657
-0.00704174
-0.00718845
-0.00732661
-0.00745616
-0.00757704
-0.0076892
-0.00779256
-0.00788707
-0.00797267
-0.0080493
-0.00811691
-0.00817545
-0.00822486
-0.00826508
-0.00829608
-0.00831779
-0.00833017
-0.00833318
-0.00832677
-0.00831089
-0.00828551
-0.00825058
-0.00820607
-0.00815192
-0.00808812
-0.00801461
-0.00793138
-0.00783838
-0.00773558
-0.00762296
-0.00750048
-0.00736812
-0.00722585
-0.00707365
-0.00691149
-0.00673936
-0.00655724
-0.0063651
-0.00616293
-0.00595071
-0.00572843
-0.00549608
-0.00525365
-0.00500113
-0.0047385
-0.00446577
-0.00418292
-0.00388996
-0.00358688
-0.00327368
-0.00295037
-0.00261694
-0.0022734
-0.00191976
-0.00155602
-0.00118219
-0.000798275
-0.000404298
-2.65357e-07
0.000413807
0.000837902
0.001272
0.00171609
0.00217015
0.00263414
0.00310806
0.00359188
0.00408556
0.00458908
0.00510241
0.00562552
0.00615838
0.00670095
0.0072532
0.00781508
0.00838657
0.00896762
0.00955818
0.0101582
0.0107677
0.0113866
0.0120148
0.0126522
0.013299
0.0139549
0.0146199
0.0152941
0.0159772
0.0166693
0.0173704
0.0180802
0.0187989
0.0195263
0.0202623
0.021007
0.0217601
0.0225217
0.0232917
0.0240701
0.0248566
0.0256514
0.0264542
0.0272651
0.0280838
0.0289105
0.0297449
0.0305871
0.0314369
0.0322941
0.0331589
0.034031
0.0349104
0.035797
0.0366906
0.0375913
0.0384989
0.0394133
0.0403345
0.0412623
0.0421966
0.0431373
0.0440844
0.0450378
0.0459972
0.0469628
0.0479342
0.0489115
0.0498945
0.0508831
0.0518772
0.0528767
0.0538816
0.0548916
0.0559067
0.0569267
0.0579516
0.0589813
0.0600156
0.0610544
0.0620975
0.063145
0.0641966
0.0652523
0.0663119
0.0673752
0.0684423
0.069513
0.070587
0.0716644
0.072745
0.0738287
0.0749153
0.0760048
0.0770969
0.0781917
0.0792888
0.0803883
0.08149
0.0825937
0.0836994
0.0848069
0.0859161
0.0870268
0.088139
0.0892524
0.090367
0.0914826
0.0925991
0.0937164
0.0948343
0.0959527
0.0970715
0.0981905
0.0993096
0.100429
0.101548
0.102666
0.103784
0.104902
0.106019
0.107135
0.10825
0.109364
0.110477
0.111588
0.112698
0.113806
0.114913
0.116017
0.11712
0.11822
0.119318
0.120414
0.121507
0.122597
0.123685
0.124769
0.12585
0.126928
0.128003
0.129074
0.130142
0.131206
0.132266
0.133322
0.134374
0.135421
0.136464
0.137503
0.138536
0.139565
0.140589
0.141608
0.142622
0.143631
0.144634
0.145632
0.146623
0.147609
0.14859
0.149564
0.150532
0.151493
0.152448
0.153397
0.154339
0.155274
0.156203
0.157124
0.158038
0.158945
0.159845
0.160737
0.161622
0.162499
0.163368
0.164229
0.165082
0.165928
0.166764
0.167593
0.168413
0.169225
0.170028
0.170822
0.171607
0.172384
0.173151
0.17391
0.174659
0.175398
0.176129
0.17685
0.177561
0.178262
0.178954
0.179636
0.180308
0.18097
0.181622
0.182263
0.182894
0.183515
0.184126
0.184726
0.185315
0.185894
0.186461
0.187018
0.187565
0.1881
0.188624
0.189137
0.189639
0.19013
0.190609
0.191077
0.191534
0.191979
0.192413
0.192835
0.193245
0.193644
0.194031
0.194406
0.19477
0.195121
0.195461
0.195788
0.196104
0.196408
0.196699
0.196978
0.197246
0.197501
0.197743
0.197974
0.198192
0.198398
0.198591
0.198773
0.198941
0.199098
0.199242
0.199373
0.199492
0.199599
0.199693
0.199774
0.199843
0.1999
0.199943
0.199975
0.199994
0.2
0.199994
