0.599981
0.6
0.599981
0.599925
0.599831
0.599699
0.59953
0.599323
0.599078
0.598796
0.598477
0.59812
0.597725
0.597293
0.596824
0.596318
0.595775
0.595194
0.594576
0.593922
0.59323
0.592502
0.591737
0.590936
0.590098
0.589223
0.588313
0.587366
0.586383
0.585364
0.58431
0.58322
0.582094
0.580933
0.579737
0.578505
0.577239
0.575938
0.574603
0.573233
0.571829
0.570391
0.568919
0.567413
0.565874
0.564301
0.562695
0.561057
0.559386
0.557682
0.555946
0.554178
0.552379
0.550547
0.548685
0.546791
0.544866
0.542911
0.540925
0.53891
0.536864
0.534789
0.532684
0.530551
0.528388
0.526197
0.523978
0.521731
0.519456
0.517154
0.514825
0.512468
0.510086
0.507677
0.505242
0.502781
0.500296
0.497785
0.495249
0.49269
0.490106
0.487498
0.484868
0.482214
0.479537
0.476838
0.474117
0.471374
0.46861
0.465825
0.46302
0.460194
0.457348
0.454482
0.451597
0.448693
0.445771
0.442831
0.439873
0.436897
0.433905
0.430895
0.42787
0.424828
0.421771
0.418699
0.415612
0.41251
0.409395
0.406266
0.403123
0.399968
0.3968
0.39362
0.390429
0.387226
0.384012
0.380788
0.377554
0.37431
0.371056
0.367794
0.364523
0.361244
0.357957
0.354663
0.351362
0.348055
0.344741
0.341422
0.338097
0.334767
0.331433
0.328095
0.324753
0.321408
0.318059
0.314709
0.311356
0.308001
0.304646
0.301289
0.297932
0.294574
0.291217
0.287861
0.284506
0.281152
0.2778
0.274451
0.271104
0.26776
0.26442
0.261083
0.257751
0.254424
0.251101
0.247784
0.244473
0.241168
0.237869
0.234578
0.231294
0.228017
0.224749
0.221489
0.218238
0.214996
0.211764
0.208542
0.20533
0.202129
0.198938
0.19576
0.192593
0.189438
0.186295
0.183166
0.180049
0.176947
0.173858
0.170783
0.167723
0.164677
0.161647
0.158633
0.155634
0.152652
0.149686
0.146737
0.143805
0.140891
0.137994
0.135116
0.132256
0.129414
0.126592
0.123789
0.121006
0.118242
0.115499
0.112776
0.110074
0.107393
0.104733
0.102095
0.0994789
0.0968847
0.0943128
0.0917635
0.089237
0.0867337
0.0842537
0.0817973
0.0793647
0.0769562
0.0745719
0.0722122
0.0698772
0.0675672
0.0652823
0.0630228
0.0607889
0.0585807
0.0563986
0.0542426
0.0521129
0.0500098
0.0479334
0.045884
0.0438615
0.0418664
0.0398986
0.0379584
0.0360459
0.0341613
0.0323047
0.0304762
0.0286761
0.0269044
0.0251612
0.0234467
0.021761
0.0201043
0.0184765
0.0168779
0.0153086
0.0137686
0.012258
0.0107769
0.00932543
0.00790365
0.00651163
0.00514944
0.00381715
0.00251482
0.00124251
2.6536e-07
-0.00121186
-0.00239382
-0.00354557
-0.00466709
-0.00575835
-0.00681931
-0.00784995
-0.00885026
-0.00982023
-0.0107598
-0.0116691
-0.012548
-0.0133966
-0.0142148
-0.0150027
-0.0157603
-0.0164876
-0.0171847
-0.0178516
-0.0184882
-0.0190948
-0.0196712
-0.0202176
-0.020734
-0.0212205
-0.0216772
-0.022104
-0.0225011
-0.0228686
-0.0232065
-0.0235149
-0.0237939
-0.0240436
-0.0242642
-0.0244556
-0.0246181
-0.0247516
-0.0248565
-0.0249326
-0.0249803
-0.0249995
-0.0249905
-0.0249534
-0.0248883
-0.0247953
-0.0246747
-0.0245265
-0.0243509
-0.0241481
-0.0239182
-0.0236614
-0.0233779
-0.0230679
-0.0227314
-0.0223688
-0.0219802
-0.0215657
-0.0211256
-0.0206601
-0.0201694
-0.0196536
-0.019113
-0.0185478
-0.0179582
-0.0173444
-0.0167067
-0.0160452
-0.0153602
-0.014652
-0.0139207
-0.0131666
-0.0123899
-0.0115909
-0.0107698
-0.00992688
-0.00906237
-0.00817654
-0.00726964
-0.00634193
-0.00539367
-0.00442512
-0.00343656
-0.00242826
-0.00140049
-0.000353514
0.000712374
0.0017969
0.00289978
0.00402073
0.00515946
0.00631569
0.00748911
0.00867944
0.00988638
0.0111096
0.0123489
0.0136039
0.0148742
0.0161597
0.01746
0.0187748
0.0201037
0.0214465
0.0228028
0.0241723
0.0255548
0.0269499
0.0283572
0.0297765
0.0312074
0.0326496
0.0341028
0.0355667
0.0370409
0.038525
0.0400189
0.041522
0.0430342
0.0445551
0.0460843
0.0476215
0.0491664
0.0507186
0.0522779
0.0538438
0.055416
0.0569942
0.0585781
0.0601673
0.0617616
0.0633604
0.0649636
0.0665707
0.0681815
0.0697956
0.0714127
0.0730323
0.0746543
0.0762782
0.0779038
0.0795306
0.0811584
0.0827868
0.0844154
0.086044
0.0876723
0.0892998
0.0909262
0.0925513
0.0941746
0.0957959
0.0974149
0.0990311
0.100644
0.102254
0.10386
0.105463
0.107061
0.108654
0.110242
0.111825
0.113403
0.114974
0.11654
0.118099
0.119651
0.121196
0.122733
0.124263
0.125785
0.127298
0.128803
0.130298
0.131785
0.133262
0.134729
0.136186
0.137633
0.139069
0.140494
0.141908
0.143311
0.144702
0.14608
0.147447
0.1488
0.150141
0.151469
0.152784
0.154085
0.155372
0.156645
0.157904
0.159148
0.160377
0.161591
0.16279
0.163974
0.165141
0.166293
0.167428
0.168547
0.16965
0.170735
0.171804
0.172855
0.173889
0.174905
0.175904
0.176884
0.177846
0.17879
0.179715
0.180622
0.181509
0.182378
0.183227
0.184057
0.184867
0.185657
0.147903
0.147903
0.147903
0.147903
0.147903
0.12886
0.149807
0.151711
0.153616
0.15552
0.157424
0.159329
0.161233
0.163137
0.165041
0.166946
0.195945
0.196359
0.19675
0.19712
0.197467
0.197793
0.198096
0.198377
0.198636
0.198872
0.15184
0.161361
0.161361
0.161361
0.161361
0.161361
0.161361
0.161361
0.161361
0.161361
0.161361
0.160409
0.159457
0.158505
0.157553
0.1566
0.155648
0.154696
0.153744
0.152792
0.15184
0.198096
0.197793
0.197468
0.19712
0.196751
0.196359
0.195946
0.195511
0.195054
0.194575
0.194075
0.193553
0.19301
0.192446
0.19186
0.191254
0.190626
0.189978
0.189309
0.188619
0.187909
0.187179
0.186428
0.185658
0.184867
0.184057
0.183228
0.182378
0.18151
0.180623
0.179716
0.178791
0.177847
0.176885
0.175905
0.174906
0.17389
0.172856
0.171805
0.170736
0.169651
0.168548
0.167429
0.166294
0.165142
0.163975
0.162791
0.161592
0.160378
0.159149
0.157905
0.156646
0.155373
0.154086
0.152785
0.15147
0.150143
0.148802
0.147448
0.146081
0.144703
0.143312
0.14191
0.140496
0.139071
0.137634
0.136188
0.134731
0.133263
0.131786
0.1303
0.128804
0.127299
0.125786
0.124264
0.122734
0.121197
0.119652
0.1181
0.116541
0.114976
0.113404
0.111827
0.110244
0.108655
0.107062
0.105464
0.103862
0.102256
0.100646
0.0990325
0.0974163
0.0957973
0.094176
0.0925527
0.0909276
0.0893012
0.0876737
0.0860454
0.0844168
0.0827882
0.0811598
0.079532
0.0779052
0.0762796
0.0746557
0.0730338
0.0714141
0.069797
0.0681829
0.0665721
0.064965
0.0633618
0.0617629
0.0601687
0.0585795
0.0569956
0.0554174
0.0538451
0.0522792
0.05072
0.0491677
0.0476228
0.0460856
0.0445564
0.0430355
0.0415233
0.0400202
0.0385263
0.0370421
0.0355679
0.0341041
0.0326509
0.0312087
0.0297777
0.0283584
0.0269511
0.025556
0.0241735
0.022804
0.0214476
0.0201048
0.0187759
0.0174611
0.0161608
0.0148754
0.013605
0.01235
0.0111107
0.00988743
0.00868048
0.00749013
0.00631669
0.00516046
0.00402171
0.00290074
0.00179785
0.000713304
-0.000352601
-0.00139959
-0.00242738
-0.0034357
-0.00442428
-0.00539284
-0.00634112
-0.00726885
-0.00817577
-0.00906161
-0.00992614
-0.0107691
-0.0115902
-0.0123892
-0.0131659
-0.01392
-0.0146514
-0.0153596
-0.0160446
-0.0167061
-0.0173439
-0.0179577
-0.0185473
-0.0191125
-0.0196531
-0.0201689
-0.0206597
-0.0211252
-0.0215653
-0.0219798
-0.0223685
-0.0227311
-0.0230676
-0.0233777
-0.0236612
-0.023918
-0.0241479
-0.0243507
-0.0245264
-0.0246746
-0.0247952
-0.0248882
-0.0249534
-0.0249905
-0.0249995
-0.0249803
-0.0249327
-0.0248565
-0.0247518
-0.0246182
-0.0244558
-0.0242644
-0.0240438
-0.0237941
-0.0235151
-0.0232067
-0.0228689
-0.0225014
-0.0221043
-0.0216775
-0.0212209
-0.0207345
-0.0202181
-0.0196717
-0.0190953
-0.0184888
-0.0178521
-0.0171853
-0.0164883
-0.015761
-0.0150034
-0.0142155
-0.0133973
-0.0125488
-0.0116699
-0.0107606
-0.00982106
-0.00885111
-0.00785083
-0.00682021
-0.00575928
-0.00466805
-0.00354656
-0.00239483
-0.00121289
-7.96071e-07
0.00124142
0.00251371
0.00381601
0.00514828
0.00651044
0.00790243
0.00932419
0.0107756
0.0122567
0.0137672
0.0153072
0.0168766
0.0184751
0.0201028
0.0217596
0.0234452
0.0251597
0.0269028
0.0286746
0.0304747
0.0323031
0.0341597
0.0360443
0.0379567
0.0398969
0.0418647
0.0438598
0.0458822
0.0479317
0.050008
0.0521111
0.0542407
0.0563967
0.0585788
0.060787
0.0630209
0.0652803
0.0675652
0.0698752
0.0722102
0.0745699
0.0769541
0.0793626
0.0817951
0.0842515
0.0867315
0.0892348
0.0917613
0.0943106
0.0968824
0.0994767
0.102093
0.104731
0.107391
0.110072
0.112774
0.115497
0.11824
0.121003
0.123787
0.12659
0.129412
0.132253
0.135113
0.137992
0.140888
0.143803
0.146734
0.149683
0.152649
0.155632
0.15863
0.161645
0.164675
0.16772
0.17078
0.173855
0.176944
0.180047
0.183163
0.186293
0.189435
0.19259
0.195757
0.198936
0.202126
0.205327
0.208539
0.211761
0.214993
0.218235
0.221486
0.224746
0.228014
0.231291
0.234575
0.237866
0.241165
0.24447
0.247781
0.251098
0.254421
0.257748
0.26108
0.264417
0.267757
0.271101
0.274448
0.277797
0.281149
0.284503
0.287858
0.291214
0.294571
0.297929
0.301286
0.304643
0.307999
0.311353
0.314706
0.318057
0.321405
0.32475
0.328092
0.33143
0.334765
0.338094
0.341419
0.344738
0.348052
0.351359
0.35466
0.357955
0.361241
0.36452
0.367791
0.371054
0.374307
0.377551
0.380785
0.38401
0.387223
0.390426
0.393618
0.396798
0.399965
0.403121
0.406263
0.409392
0.412508
0.415609
0.418696
0.421768
0.424825
0.427867
0.430893
0.433902
0.436895
0.43987
0.442828
0.445769
0.448691
0.451595
0.454479
0.457345
0.460191
0.463017
0.465823
0.468608
0.471372
0.474115
0.476836
0.479535
0.482211
0.484865
0.487496
0.490104
0.492688
0.495247
0.497783
0.500293
0.502779
0.50524
0.507675
0.510084
0.512466
0.514823
0.517152
0.519454
0.521729
0.523976
0.526195
0.528386
0.530549
0.532683
0.534787
0.536862
0.538908
0.540924
0.542909
0.544865
0.546789
0.548683
0.550546
0.552377
0.554177
0.555945
0.557681
0.559384
0.561055
0.562694
0.5643
0.565872
0.567411
0.568917
0.570389
0.571828
0.573232
0.574602
0.575937
0.577238
0.578504
0.579736
0.580932
0.582093
0.583219
0.584309
0.585364
0.586382
0.587365
0.588312
0.589223
0.590097
0.590935
0.591737
0.592502
0.59323
0.593921
0.594576
0.595194
0.595774
0.596318
0.596824
0.597293
0.597725
0.598119
0.598476
0.598796
0.599078
0.599322
0.599529
0.599699
0.599831
0.599925
0.599981
0.6
0.599981
